0 0.549018 0.419850 0.131355 0.009183
0 0.414035 0.404639 0.055348 0.008956
0 0.297986 0.403873 0.137986 0.009467
0 0.479922 0.505159 0.056113 0.007652
0 0.433422 0.438943 0.062489 0.007375
0 0.327954 0.459356 0.114262 0.006886
0 0.204759 0.455658 0.098965 0.019898
0 0.319887 0.554050 0.078241 0.008907
0 0.416865 0.582160 0.286043 0.024238
0 0.362695 0.496234 0.108652 0.013005
0 0.494816 0.446375 0.096922 0.010197
0 0.706266 0.420233 0.076518 0.006886
0 0.691344 0.458363 0.049227 0.008162
0 0.617372 0.471752 0.075752 0.010460
0 0.670812 0.492919 0.063255 0.010970
0 0.721567 0.510516 0.121915 0.026266
0 0.790174 0.527986 0.114262 0.012247
0 0.555394 0.546346 0.132887 0.024486
0 0.810457 0.573892 0.078816 0.014792
0 0.765986 0.640962 0.468028 0.086827
0 0.210270 0.612646 0.178752 0.031245
0 0.478436 0.649631 0.275468 0.052001