0 0.329839 0.462886 0.161198 0.046875
0 0.497161 0.756786 0.170635 0.048927
0 0.708031 0.757328 0.078292 0.047844
0 0.219964 0.705219 0.439927 0.152062
0 0.648089 0.665635 0.266219 0.088021
0 0.528302 0.597750 0.292854 0.060750
0 0.337901 0.527833 0.034510 0.014167
0 0.024229 0.555724 0.048458 0.022135
0 0.147937 0.524604 0.134896 0.025521
0 0.220333 0.493224 0.101042 0.020573
0 0.815833 0.548458 0.368333 0.272771
0 0.432182 0.435401 0.049198 0.012115
0 0.478750 0.448328 0.031646 0.009406
0 0.507234 0.457828 0.033635 0.011031
0 0.413193 0.422198 0.093323 0.010667
0 0.425307 0.413432 0.039781 0.009406
0 0.490844 0.397630 0.118146 0.022656
0 0.599125 0.465563 0.097125 0.025125
0 0.514474 0.495567 0.070052 0.021615
0 0.636880 0.496083 0.130469 0.019500
0 0.724630 0.533068 0.121615 0.045052