0 0.643604 0.637698 0.130833 0.100021
0 0.491667 0.461854 0.057917 0.035375
0 0.606458 0.463708 0.036333 0.020542
0 0.251979 0.448719 0.090708 0.036062
0 0.769198 0.437677 0.135479 0.046521
0 0.710760 0.476052 0.086063 0.046521
0 0.932719 0.415864 0.134562 0.045937
0 0.604354 0.526927 0.139542 0.085479
0 0.493875 0.648448 0.054667 0.072687
0 0.885615 0.535073 0.228771 0.083146
0 0.132802 0.749656 0.126438 0.125688
0 0.284948 0.587292 0.396063 0.183458
0 0.689771 0.736261 0.087208 0.084312
0 0.816010 0.702239 0.123271 0.086062
0 0.953948 0.686542 0.092104 0.093042
0 0.834615 0.603969 0.163979 0.082562