0 0.657227 0.648453 0.148578 0.087000
0 0.701953 0.472742 0.192094 0.083578
0 0.561680 0.494469 0.055234 0.052844
0 0.468320 0.483250 0.105078 0.079188
0 0.555570 0.562656 0.067453 0.031813
0 0.563383 0.687047 0.064516 0.043063
0 0.373008 0.595890 0.120734 0.146188
0 0.362641 0.503625 0.078594 0.056312
0 0.198141 0.448813 0.201219 0.155500
0 0.249445 0.549078 0.086797 0.055719
0 0.625852 0.587953 0.033922 0.021281
0 0.732516 0.610515 0.028094 0.024844
0 0.808687 0.591571 0.070469 0.057016
0 0.509742 0.758344 0.089016 0.045812
0 0.593328 0.391703 0.096750 0.033594
0 0.715141 0.314219 0.054031 0.057937
0 0.736328 0.380875 0.167187 0.074688
0 0.619961 0.236523 0.099891 0.035547
0 0.703797 0.229367 0.047781 0.021234
0 0.738078 0.263875 0.060750 0.037531
0 0.764680 0.228828 0.045891 0.020156
0 0.814086 0.244844 0.031859 0.016188
0 0.798852 0.261633 0.034047 0.013422
0 0.822148 0.280860 0.046109 0.022375
0 0.489578 0.377969 0.092875 0.071844
0 0.347109 0.395570 0.109000 0.073797
0 0.123984 0.348883 0.153469 0.053765
0 0.755711 0.745648 0.139297 0.071203
0 0.820477 0.682672 0.144672 0.089938