0 0.721650 0.811296 0.122500 0.043033
0 0.584717 0.691234 0.154567 0.061903
0 0.717000 0.617483 0.251667 0.043266
0 0.782500 0.574850 0.175467 0.029887
0 0.635367 0.582072 0.092933 0.023297
0 0.441200 0.574483 0.158267 0.027424
0 0.478367 0.541052 0.216067 0.040836
0 0.264200 0.511998 0.136067 0.030985
0 0.457133 0.486005 0.275600 0.022798
0 0.662767 0.514594 0.320000 0.040437
0 0.738183 0.478816 0.060300 0.014677
0 0.724900 0.444770 0.090467 0.014677
0 0.666583 0.429011 0.097967 0.023297
0 0.534867 0.457866 0.092933 0.021500
0 0.385583 0.417729 0.085767 0.014311
0 0.372650 0.618398 0.079300 0.016541
0 0.585800 0.398675 0.068933 0.012547
0 0.627800 0.413718 0.036600 0.008953
0 0.657400 0.357273 0.057067 0.010750