0 0.029125 0.749445 0.058250 0.028703
0 0.278777 0.634785 0.179867 0.041461
0 0.384879 0.686223 0.107914 0.033789
0 0.399230 0.721270 0.060320 0.026195
0 0.566563 0.687133 0.123906 0.041422
0 0.765867 0.692562 0.113375 0.045094
0 0.483715 0.633351 0.057055 0.021078
0 0.369762 0.579719 0.193602 0.043953
0 0.618566 0.606144 0.216102 0.049711
0 0.923617 0.622101 0.148078 0.048140
0 0.432691 0.460695 0.128633 0.031875
0 0.559797 0.469414 0.088078 0.021407
0 0.820547 0.334898 0.124703 0.041906
0 0.957582 0.294567 0.084836 0.025773
0 0.740316 0.289551 0.063664 0.027946
0 0.856520 0.275597 0.142586 0.033180
0 0.910371 0.249871 0.132555 0.020977
0 0.967395 0.223855 0.065211 0.010211
0 0.810738 0.228433 0.081539 0.019367
0 0.684066 0.246383 0.146508 0.031438
0 0.713496 0.225820 0.053633 0.014141
0 0.493301 0.226254 0.127758 0.015008
0 0.473438 0.380039 0.073281 0.018828
0 0.625418 0.377410 0.052758 0.016180
0 0.234730 0.455242 0.053633 0.027078
0 0.036590 0.292840 0.073180 0.020492
0 0.186848 0.290457 0.071914 0.018164
0 0.077559 0.272113 0.059258 0.022492
0 0.225613 0.269848 0.047102 0.020398
0 0.318684 0.527735 0.075977 0.057828