0 0.670117 0.436324 0.032779 0.007073
0 0.408143 0.588587 0.173013 0.063232
0 0.495422 0.541082 0.089727 0.035431
0 0.620201 0.517258 0.041649 0.017709
0 0.677617 0.590873 0.197519 0.048269
0 0.697526 0.699155 0.175468 0.105386
0 0.368279 0.465420 0.047156 0.019251
0 0.054916 0.479171 0.109831 0.036960
0 0.406708 0.376169 0.033675 0.005480
0 0.528961 0.389577 0.048909 0.011491
0 0.555104 0.366945 0.040234 0.009729
0 0.584968 0.357222 0.049623 0.009716
0 0.667812 0.394519 0.095156 0.016789
0 0.620584 0.424833 0.060260 0.016971