0 0.589925 0.441212 0.068300 0.030420
0 0.368275 0.472892 0.067950 0.027899
0 0.234200 0.445217 0.090000 0.033389
0 0.169187 0.392052 0.145075 0.040002
0 0.269825 0.355393 0.058400 0.020188
0 0.349725 0.390405 0.066850 0.026427
0 0.344213 0.414249 0.051425 0.022759
0 0.508937 0.345511 0.109825 0.023133
0 0.906213 0.310563 0.166075 0.050159
0 0.410087 0.306907 0.104375 0.024131
0 0.843038 0.382594 0.035275 0.015846
0 0.747300 0.370266 0.051050 0.019040
0 0.516575 0.678454 0.103450 0.070946
0 0.480400 0.591625 0.149150 0.071020
0 0.349163 0.522789 0.091475 0.039603
0 0.581662 0.507928 0.059875 0.029696
0 0.476437 0.495650 0.060975 0.027151
0 0.720863 0.442859 0.065725 0.036658