0 0.364333 0.379352 0.059460 0.036438
0 0.659858 0.796141 0.196987 0.092093
0 0.069790 0.753682 0.139580 0.177011
0 0.086544 0.530445 0.173088 0.119215
0 0.431394 0.599848 0.335142 0.191074
0 0.821139 0.640308 0.357721 0.288169
0 0.935945 0.414862 0.128111 0.151221
0 0.753028 0.388091 0.136882 0.053887
0 0.570165 0.431022 0.072804 0.032544
0 0.465592 0.432804 0.064618 0.024067
0 0.253441 0.507126 0.078516 0.041636
0 0.037226 0.403405 0.074453 0.031825
0 0.143733 0.419055 0.059130 0.031167
0 0.258058 0.390839 0.055847 0.027902
0 0.492114 0.383104 0.059460 0.022345
0 0.658006 0.325024 0.222399 0.064340
0 0.822091 0.364420 0.035487 0.017059
0 0.803531 0.337177 0.030570 0.016639
0 0.436709 0.320269 0.084033 0.028441
0 0.533561 0.279906 0.115247 0.024337
0 0.635847 0.264727 0.107226 0.017852
0 0.722721 0.279824 0.062354 0.020698