0 0.209684 0.855200 0.091526 0.070069
0 0.212987 0.664280 0.149132 0.061155
0 0.382697 0.703166 0.112921 0.099752
0 0.627211 0.621227 0.140842 0.072434
0 0.819395 0.586613 0.075105 0.073881
0 0.611882 0.525037 0.067079 0.036651
0 0.585224 0.462318 0.081974 0.032681
0 0.689829 0.426824 0.076816 0.028632
0 0.436145 0.449645 0.088289 0.054977
0 0.620737 0.351562 0.064211 0.019772
0 0.689513 0.393656 0.033816 0.029500
0 0.570763 0.299859 0.072211 0.020218
0 0.020605 0.419528 0.041211 0.037072
0 0.914618 0.840424 0.104605 0.137902
0 0.469474 0.829960 0.083211 0.076588