0 0.507149 0.514981 0.085556 0.046690
0 0.693354 0.365936 0.099404 0.027466
0 0.807598 0.413535 0.131258 0.031276
0 0.681238 0.451344 0.022328 0.012239
0 0.745780 0.458414 0.028864 0.025842
0 0.885882 0.523011 0.228235 0.144264
0 0.425106 0.510791 0.051291 0.027425
0 0.323211 0.566208 0.039036 0.026291
0 0.381989 0.581165 0.058096 0.038530
0 0.653889 0.628761 0.087255 0.048305
0 0.802108 0.610307 0.030637 0.023606
0 0.705662 0.551373 0.043497 0.036833
0 0.580335 0.576632 0.040850 0.017682
0 0.513276 0.584111 0.026552 0.026291