0 0.640115 0.435724 0.131646 0.027677
0 0.560927 0.722661 0.181771 0.096907
0 0.110406 0.676495 0.099333 0.057344
0 0.392547 0.452057 0.089865 0.028885
0 0.558042 0.504198 0.161167 0.051562
0 0.624651 0.313442 0.061219 0.006385
0 0.666161 0.323740 0.031740 0.009521
0 0.545547 0.288552 0.031635 0.006312
0 0.448297 0.337662 0.044135 0.011927
0 0.402979 0.359484 0.044604 0.023135
0 0.606167 0.326870 0.049000 0.009385
0 0.539286 0.331422 0.046385 0.008010
0 0.553240 0.340463 0.039771 0.006490
0 0.552703 0.353125 0.074177 0.013958
0 0.589677 0.368932 0.077042 0.015260
0 0.554849 0.384677 0.046510 0.015271
0 0.355198 0.400182 0.074667 0.017177
0 0.309995 0.427255 0.043885 0.013594
0 0.398130 0.424156 0.076094 0.022666
0 0.469812 0.390880 0.056771 0.016698
0 0.538990 0.416042 0.124521 0.030771
0 0.650505 0.386589 0.095656 0.020510