0 0.725500 0.813276 0.105267 0.039072
0 0.582467 0.689886 0.147400 0.058342
0 0.717917 0.614221 0.250300 0.044464
0 0.634700 0.584218 0.098733 0.026126
0 0.780100 0.575033 0.172467 0.033581
0 0.436317 0.574600 0.155767 0.024595
0 0.479217 0.540420 0.218567 0.040770
0 0.272250 0.510001 0.120167 0.025394
0 0.375333 0.617599 0.078600 0.018937
0 0.453033 0.488851 0.272867 0.029820
0 0.840083 0.537575 0.319833 0.070490
0 0.536783 0.458565 0.102367 0.023497
0 0.380183 0.417462 0.078433 0.010850
0 0.740017 0.477702 0.066233 0.013912
0 0.721733 0.444204 0.075800 0.017406
0 0.667483 0.428778 0.098033 0.019569
0 0.586900 0.398326 0.059667 0.009984
0 0.629583 0.413968 0.040500 0.006523
0 0.290433 0.683446 0.060533 0.101907
0 0.585050 0.510251 0.156300 0.024562
0 0.656433 0.358505 0.062733 0.007422