0 0.690547 0.711557 0.093379 0.034197
0 0.665854 0.784621 0.049756 0.015480
0 0.551138 0.493531 0.022959 0.008686
0 0.547568 0.505506 0.037383 0.007291
0 0.627119 0.525471 0.046250 0.017703
0 0.612344 0.502036 0.044512 0.010411
0 0.570356 0.586198 0.073916 0.021632
0 0.682725 0.603696 0.097344 0.017401
0 0.252129 0.660422 0.045313 0.025239
0 0.339888 0.565576 0.041064 0.017995
0 0.242925 0.726136 0.106006 0.068385
0 0.442852 0.745569 0.065254 0.025190
0 0.453306 0.700039 0.052998 0.027714
0 0.545791 0.649831 0.073555 0.028796
0 0.630879 0.678442 0.075723 0.032033
0 0.710371 0.583585 0.049277 0.013229