0 0.935300 0.473527 0.129401 0.154579
0 0.429745 0.661205 0.343903 0.190243
0 0.092513 0.754056 0.067219 0.054388
0 0.087143 0.592660 0.174286 0.110676
0 0.145969 0.478335 0.069337 0.041875
0 0.256594 0.453986 0.060867 0.032334
0 0.463814 0.493425 0.069872 0.037105
0 0.569145 0.493425 0.075153 0.037105
0 0.754681 0.450044 0.132832 0.057156
0 0.496205 0.444132 0.062538 0.023419
0 0.487372 0.407755 0.047857 0.017041
0 0.368935 0.440950 0.059171 0.041161
0 0.258648 0.569879 0.088291 0.050166
0 0.033202 0.464681 0.066403 0.036607
0 0.655274 0.388387 0.221645 0.066900
0 0.532500 0.342806 0.122398 0.033087
0 0.822736 0.423763 0.035651 0.020255
0 0.817768 0.664522 0.364464 0.233457
0 0.805829 0.397672 0.041531 0.022462