0 0.493414 0.664837 0.722556 0.229701
0 0.942407 0.696089 0.115185 0.069063
0 0.899438 0.551029 0.091099 0.035296
0 0.775210 0.572523 0.089654 0.023448
0 0.560216 0.457697 0.054136 0.023079
0 0.603833 0.511417 0.055173 0.032707
0 0.410907 0.420318 0.101173 0.033287
0 0.389160 0.394114 0.053284 0.012784
0 0.576148 0.367861 0.135111 0.016150
0 0.465531 0.372854 0.041037 0.024459
0 0.561562 0.391981 0.127593 0.018628
0 0.797963 0.354195 0.046296 0.011157
0 0.893130 0.427123 0.178753 0.017851
0 0.714969 0.443187 0.185914 0.040462