0 0.586377 0.743874 0.121922 0.055744
0 0.332390 0.737397 0.130805 0.084581
0 0.340006 0.608330 0.063494 0.041805
0 0.840688 0.569692 0.294000 0.188750
0 0.629623 0.602552 0.094364 0.059371
0 0.501078 0.580121 0.037481 0.016271
0 0.603604 0.548226 0.081130 0.031661
0 0.536578 0.556582 0.046740 0.015831
0 0.666662 0.531955 0.044104 0.024640
0 0.593468 0.512821 0.057325 0.022437
0 0.531955 0.519396 0.030429 0.018953
0 0.724864 0.433182 0.218714 0.031286
0 0.727968 0.397233 0.145701 0.016129
0 0.722610 0.369180 0.071195 0.016530