0 0.556492 0.366997 0.044615 0.010294
0 0.698293 0.698665 0.168068 0.103744
0 0.675807 0.593403 0.192402 0.047494
0 0.399953 0.589606 0.160844 0.062700
0 0.495769 0.541719 0.086323 0.036862
0 0.621445 0.517794 0.042589 0.020137
0 0.370478 0.465537 0.044109 0.019012
0 0.529841 0.389310 0.051013 0.014006
0 0.408311 0.375659 0.031557 0.007219
0 0.665929 0.394672 0.098086 0.018619
0 0.617636 0.424869 0.059325 0.016725
0 0.671435 0.436850 0.026998 0.008737
0 0.586332 0.356975 0.053077 0.012413
0 0.057092 0.477838 0.114184 0.033788