0 0.368062 0.472993 0.075540 0.029799
0 0.516578 0.684127 0.107256 0.079268
0 0.478499 0.591553 0.163105 0.075447
0 0.348705 0.524665 0.104099 0.040576
0 0.477230 0.496134 0.079331 0.026628
0 0.582899 0.509131 0.067273 0.028530
0 0.719991 0.446364 0.073636 0.036139
0 0.587976 0.442244 0.062196 0.034237
0 0.185703 0.445156 0.192333 0.058774
0 0.345995 0.414116 0.053328 0.022053
0 0.351226 0.391651 0.064031 0.022944
0 0.133774 0.401778 0.096089 0.040560
0 0.215952 0.383966 0.061235 0.025977
0 0.269528 0.356669 0.056415 0.019808
0 0.506398 0.345857 0.094717 0.023818
0 0.425995 0.420936 0.030858 0.015439
0 0.746175 0.372057 0.062093 0.020734
0 0.840292 0.383949 0.037907 0.016347
0 0.909571 0.311766 0.180858 0.047996
0 0.593431 0.288693 0.048130 0.017649
0 0.411441 0.308878 0.111664 0.024983
0 0.568611 0.322861 0.024185 0.012235
0 0.726612 0.320042 0.060978 0.015405
0 0.829262 0.331335 0.117907 0.017667
0 0.328756 0.301150 0.030858 0.015868