0 0.060117 0.622826 0.120234 0.066878
0 0.347018 0.579728 0.065241 0.008268
0 0.380152 0.533532 0.087525 0.009736
0 0.646823 0.503684 0.044894 0.004560
0 0.586305 0.514998 0.060397 0.007758
0 0.667043 0.545427 0.098312 0.020920
0 0.726206 0.559145 0.090156 0.010062
0 0.741426 0.594663 0.061078 0.011701
0 0.754826 0.650535 0.490348 0.067680
0 0.423418 0.603941 0.220071 0.019281
0 0.263262 0.625612 0.137801 0.024089
0 0.478344 0.657697 0.213397 0.040761
0 0.628557 0.531117 0.048957 0.009474
0 0.255823 0.500950 0.087489 0.014792
0 0.441369 0.488498 0.059092 0.004893
0 0.530521 0.471805 0.103766 0.006510
0 0.426691 0.460150 0.038972 0.004872
0 0.353582 0.504772 0.091220 0.006552
0 0.488415 0.493887 0.077794 0.008410
0 0.849152 0.556082 0.037624 0.007226
0 0.657535 0.473237 0.058603 0.005474
0 0.533489 0.574285 0.107688 0.021253
0 0.092333 0.557674 0.100326 0.024224