0 0.844806 0.651838 0.115096 0.018687
0 0.962060 0.684680 0.075879 0.019682
0 0.500000 0.746196 1.000000 0.173233
0 0.141165 0.581504 0.035404 0.007584
0 0.548906 0.567544 0.086046 0.017572
0 0.385637 0.560262 0.014225 0.003391
0 0.428156 0.552917 0.029421 0.004518
0 0.370915 0.546367 0.089163 0.011179
0 0.393031 0.588903 0.059829 0.009319
0 0.286640 0.585300 0.042138 0.010484
0 0.318652 0.604372 0.045629 0.009531
0 0.266969 0.601583 0.044696 0.008137
0 0.318535 0.564741 0.040737 0.011157
0 0.802417 0.502461 0.063050 0.009040
0 0.880744 0.508915 0.060304 0.008071
0 0.781156 0.551771 0.047529 0.015821
0 0.694531 0.596797 0.075196 0.012551
0 0.656121 0.574947 0.192525 0.030681
0 0.892010 0.588977 0.077796 0.020917
0 0.846394 0.624988 0.307212 0.039521
0 0.467094 0.604832 0.164129 0.028513
0 0.023167 0.524896 0.046333 0.020921
0 0.007733 0.562525 0.015467 0.013109
0 0.113085 0.571503 0.030312 0.005246
0 0.153571 0.569750 0.035025 0.004718
0 0.199579 0.577214 0.033275 0.004855
0 0.163946 0.616894 0.075983 0.011312
0 0.175665 0.602377 0.102388 0.008079
0 0.065329 0.588048 0.074367 0.013316
0 0.020540 0.606471 0.041079 0.011449
0 0.011463 0.621560 0.022925 0.010068
0 0.243760 0.623929 0.085763 0.012019
0 0.525356 0.641098 0.048329 0.009481
0 0.375340 0.639284 0.057271 0.013666
0 0.696465 0.650986 0.152529 0.019832