0 0.380473 0.536785 0.115711 0.049555
0 0.436707 0.373980 0.022945 0.004164
0 0.492520 0.336973 0.025242 0.005398
0 0.487996 0.345813 0.009180 0.002563
0 0.486852 0.351617 0.011750 0.003110
0 0.490023 0.358707 0.031594 0.007023
0 0.126016 0.439445 0.252031 0.080110
0 0.373539 0.402219 0.029438 0.007125
0 0.412211 0.388625 0.028781 0.006188
0 0.433820 0.396125 0.032062 0.005250
0 0.496695 0.383984 0.032578 0.005781
0 0.490406 0.392187 0.030156 0.005938
0 0.512988 0.408566 0.048523 0.010367
0 0.579719 0.412004 0.029750 0.009852
0 0.530379 0.423340 0.039602 0.011180
0 0.257480 0.477934 0.061258 0.018930
0 0.371059 0.453887 0.120539 0.037758
0 0.500727 0.451219 0.085969 0.020047
0 0.638281 0.434477 0.067891 0.017016
0 0.665051 0.463371 0.031727 0.012055
0 0.603629 0.466824 0.054602 0.021805
0 0.541410 0.491820 0.076227 0.021453
0 0.559316 0.520996 0.082195 0.031148
0 0.715148 0.528781 0.090109 0.032922
0 0.801555 0.610973 0.083719 0.043648
0 0.485957 0.565316 0.078070 0.024461
0 0.090781 0.615773 0.153641 0.073187
0 0.306531 0.685766 0.178906 0.190969
0 0.610344 0.649277 0.100719 0.070211
0 0.875633 0.734344 0.191188 0.093813