0 0.800402 0.415240 0.399196 0.102919
0 0.945935 0.705071 0.108129 0.127473
0 0.726502 0.759212 0.114875 0.034701
0 0.499657 0.726680 0.162266 0.099765
0 0.282220 0.755887 0.197905 0.041352
0 0.027767 0.723525 0.055534 0.101237
0 0.177556 0.609381 0.080856 0.049133
0 0.173841 0.485582 0.236983 0.058452
0 0.146430 0.563488 0.041818 0.019467
0 0.468524 0.596302 0.220132 0.083440
0 0.808366 0.543232 0.383267 0.133506
0 0.224209 0.431145 0.079460 0.032913
0 0.025099 0.341908 0.050198 0.034306
0 0.197444 0.258028 0.062661 0.025224
0 0.281746 0.290652 0.091686 0.035949
0 0.361739 0.312781 0.034414 0.026025
0 0.331489 0.250819 0.044374 0.022266
0 0.437036 0.236143 0.143057 0.028536
0 0.687675 0.236859 0.049631 0.023660
0 0.695810 0.286768 0.057760 0.024790
0 0.817543 0.291625 0.078986 0.030902
0 0.950547 0.270759 0.077826 0.036304
0 0.300382 0.564427 0.036785 0.024343