0 0.181487 0.531075 0.103275 0.030500
0 0.482775 0.358075 0.037750 0.007750
0 0.494950 0.370225 0.077100 0.013450
0 0.580025 0.368938 0.040250 0.007525
0 0.545150 0.381063 0.065000 0.011275
0 0.606025 0.381937 0.038750 0.007525
0 0.511375 0.417825 0.054000 0.015500
0 0.528375 0.451325 0.090500 0.019500
0 0.400300 0.384750 0.109400 0.035500
0 0.357500 0.408825 0.061750 0.013000
0 0.270487 0.428075 0.118225 0.022000
0 0.311750 0.456825 0.064750 0.016000
0 0.248000 0.479700 0.067250 0.015750
0 0.131875 0.562750 0.103750 0.030000
0 0.078900 0.624487 0.157800 0.069975
0 0.726225 0.516475 0.096000 0.026750
0 0.620725 0.488100 0.155500 0.036000
0 0.420100 0.507350 0.085750 0.024000
0 0.545350 0.552725 0.081750 0.030750
0 0.430975 0.587350 0.094500 0.032500
0 0.580725 0.607600 0.114000 0.039500
0 0.423662 0.662725 0.212175 0.077450
0 0.654912 0.763162 0.143975 0.099575