0 0.215595 0.584278 0.115549 0.035678
0 0.152403 0.505553 0.188918 0.039922
0 0.164235 0.532050 0.129335 0.036712
0 0.335000 0.473795 0.044065 0.031805
0 0.416808 0.475632 0.106507 0.022453
0 0.573918 0.361461 0.062798 0.010339
0 0.545881 0.375866 0.056244 0.013287
0 0.499304 0.400904 0.131221 0.033980
0 0.587929 0.457430 0.126151 0.042468
0 0.440526 0.444529 0.072767 0.023456
0 0.373539 0.418897 0.034683 0.008179
0 0.263709 0.414484 0.048284 0.021759
0 0.224096 0.453356 0.062226 0.019382
0 0.035819 0.578630 0.071638 0.036234
0 0.026522 0.420425 0.053045 0.023672
0 0.563640 0.731179 0.254544 0.159516
0 0.755070 0.644446 0.300371 0.140798
0 0.889034 0.777320 0.117048 0.067236
0 0.091808 0.463001 0.093849 0.031419
0 0.145464 0.418974 0.141592 0.046851
0 0.317450 0.387023 0.048964 0.008997
0 0.321329 0.368420 0.051716 0.011080