0 0.365862 0.847563 0.092625 0.053925
0 0.554063 0.793900 0.102425 0.075950
0 0.330087 0.735075 0.050475 0.034800
0 0.243600 0.683137 0.064700 0.033825
0 0.370037 0.679700 0.067625 0.037750
0 0.319312 0.628250 0.051475 0.025000
0 0.110288 0.569675 0.083325 0.029400
0 0.273725 0.538800 0.083800 0.031350
0 0.541813 0.503038 0.071075 0.028425
0 0.050250 0.519200 0.084800 0.020600
0 0.183550 0.473863 0.064200 0.024025
0 0.031862 0.438087 0.063725 0.025975
0 0.462662 0.376588 0.055875 0.018625
0 0.509813 0.408675 0.050575 0.020600