0 0.701388 0.530302 0.143313 0.073951
0 0.175948 0.498652 0.223239 0.057459
0 0.581239 0.455107 0.074567 0.021944
0 0.402351 0.467531 0.159388 0.052543
0 0.741791 0.328121 0.060358 0.015211
0 0.800045 0.351495 0.062896 0.013512
0 0.516530 0.399182 0.067418 0.019978
0 0.423448 0.391561 0.052179 0.012692
0 0.233627 0.337394 0.084388 0.028395
0 0.309746 0.414749 0.171075 0.096819
0 0.867112 0.551195 0.089687 0.031180
0 0.309731 0.565228 0.223194 0.080789
0 0.504612 0.514272 0.071164 0.031672
0 0.029582 0.479605 0.059164 0.042041
0 0.775500 0.758650 0.418612 0.154576
0 0.720552 0.393476 0.062149 0.015806
0 0.972284 0.369558 0.055433 0.021482
0 0.945978 0.449564 0.040940 0.015776