0 0.726797 0.354380 0.073463 0.021669
0 0.771260 0.752292 0.129772 0.039166
0 0.370496 0.681118 0.148959 0.112304
0 0.539577 0.562109 0.244033 0.098541
0 0.325260 0.486342 0.303431 0.093151
0 0.077650 0.393717 0.100927 0.031684
0 0.184089 0.414396 0.080211 0.035189
0 0.290309 0.415711 0.051122 0.015842
0 0.327772 0.373038 0.232715 0.038728
0 0.309805 0.335974 0.046211 0.014365
0 0.242000 0.340706 0.048358 0.016491
0 0.977407 0.424890 0.045187 0.030628
0 0.689886 0.332217 0.057659 0.014673
0 0.778772 0.308186 0.080439 0.014332