0 0.982888 0.693924 0.034224 0.055822
0 0.910250 0.686102 0.053554 0.041899
0 0.779610 0.677593 0.024424 0.032490
0 0.660846 0.663025 0.058488 0.076861
0 0.608524 0.701005 0.057367 0.037194
0 0.530881 0.675236 0.067888 0.064089
0 0.377497 0.718246 0.033173 0.035383
0 0.284389 0.725978 0.050861 0.019918
0 0.053158 0.502121 0.074725 0.056912
0 0.200205 0.497092 0.199990 0.067753
0 0.744139 0.524192 0.057307 0.034452
0 0.912968 0.558073 0.049560 0.031749
0 0.450225 0.529627 0.114304 0.051568
0 0.348694 0.539616 0.080390 0.055752
0 0.333849 0.434149 0.087858 0.098491
0 0.058403 0.393011 0.029039 0.025543
0 0.879239 0.374779 0.093714 0.098341
0 0.117027 0.385624 0.028509 0.026885