0 0.296814 0.659845 0.593627 0.201259
0 0.515636 0.554571 0.181881 0.037207
0 0.439356 0.512314 0.139085 0.028831
0 0.672864 0.506308 0.091627 0.016717
0 0.615881 0.487231 0.108542 0.020320
0 0.558280 0.470989 0.058153 0.019373
0 0.662449 0.467300 0.109508 0.021607
0 0.636627 0.447775 0.090814 0.013587
0 0.725288 0.439890 0.138915 0.024821
0 0.602534 0.424392 0.107237 0.011319
0 0.605280 0.402472 0.067508 0.006802
0 0.670856 0.390366 0.069441 0.016158
0 0.780517 0.458265 0.053305 0.011827
0 0.797822 0.469736 0.061915 0.011015