0 0.252346 0.592121 0.157615 0.016306
0 0.199985 0.719169 0.289185 0.083875
0 0.104162 0.663132 0.144338 0.029228
0 0.733923 0.716163 0.324246 0.057411
0 0.569188 0.668145 0.118192 0.032360
0 0.617300 0.614642 0.101462 0.023485
0 0.656688 0.594547 0.093823 0.017520
0 0.907031 0.645900 0.185938 0.040475
0 0.343527 0.576574 0.044315 0.006817
0 0.612473 0.559952 0.045715 0.005067
0 0.569912 0.548064 0.030300 0.004015
0 0.546185 0.574543 0.036431 0.008392
0 0.611335 0.540459 0.040638 0.003839
0 0.685942 0.537489 0.021715 0.002794
0 0.719135 0.578305 0.066023 0.006472
0 0.390177 0.606085 0.080015 0.013052
0 0.487481 0.602868 0.060531 0.009397
0 0.391092 0.567695 0.080200 0.006042
0 0.468265 0.548060 0.040254 0.004836
0 0.440723 0.556217 0.020277 0.004829