0 0.256465 0.500369 0.085142 0.016239
0 0.113046 0.517895 0.103965 0.020501
0 0.436064 0.489179 0.042965 0.006765
0 0.587823 0.516618 0.058709 0.010488
0 0.489273 0.494135 0.074447 0.008992
0 0.353500 0.505003 0.087184 0.006744
0 0.093823 0.556082 0.106922 0.023479
0 0.044766 0.621595 0.089532 0.071991
0 0.347770 0.580590 0.056206 0.006035
0 0.382947 0.533340 0.084518 0.009368
0 0.533457 0.573948 0.097426 0.018523
0 0.726667 0.559042 0.087050 0.014027
0 0.739798 0.596992 0.060078 0.011509
0 0.424929 0.602084 0.223177 0.021579
0 0.261397 0.626733 0.133645 0.022756
0 0.470599 0.658282 0.219723 0.039279
0 0.678865 0.542123 0.081418 0.013473
0 0.629167 0.530479 0.050957 0.008240
0 0.657518 0.473404 0.057702 0.005496
0 0.644777 0.502755 0.040220 0.006247
0 0.758961 0.647468 0.482078 0.073814