0 0.453452 0.702126 0.046865 0.023036
0 0.625747 0.523940 0.049033 0.020315
0 0.612622 0.488442 0.050596 0.013190
0 0.613315 0.500857 0.045029 0.010938
0 0.551152 0.493394 0.030605 0.010245
0 0.549590 0.504849 0.039648 0.006775
0 0.384658 0.469136 0.042402 0.025424
0 0.365747 0.517258 0.047139 0.020832
0 0.573496 0.584390 0.081621 0.016241
0 0.710205 0.582392 0.046074 0.016241
0 0.684414 0.606997 0.086641 0.011523
0 0.457456 0.565040 0.025869 0.012712
0 0.341509 0.565576 0.046104 0.021661
0 0.253887 0.657678 0.044355 0.025560
0 0.234595 0.733603 0.051201 0.016952
0 0.442622 0.744745 0.066318 0.022743
0 0.542686 0.650659 0.084004 0.025911
0 0.775786 0.674036 0.041104 0.017313
0 0.665454 0.691866 0.151436 0.077383
0 0.664551 0.783471 0.050840 0.019438