0 0.896942 0.440271 0.066525 0.026197
0 0.696439 0.700063 0.232720 0.145083
0 0.860802 0.575370 0.278396 0.108102
0 0.562209 0.585809 0.051305 0.039320
0 0.501258 0.512600 0.046950 0.034673
0 0.607484 0.449728 0.127107 0.104413
0 0.766470 0.460582 0.106116 0.048392
0 0.964017 0.479998 0.035487 0.014896
0 0.677531 0.375373 0.176761 0.047090
0 0.286101 0.682789 0.484088 0.318796
0 0.335338 0.474693 0.042091 0.030341
0 0.430173 0.419708 0.085755 0.065627
0 0.442115 0.341319 0.229481 0.075673
0 0.713679 0.323881 0.100031 0.048769