0 0.505124 0.657162 0.196495 0.061536
0 0.710077 0.670711 0.044959 0.019343
0 0.625015 0.652468 0.069639 0.021544
0 0.885933 0.613781 0.052010 0.017142
0 0.908397 0.665440 0.153082 0.060775
0 0.498299 0.577290 0.230515 0.062873
0 0.672170 0.563999 0.069474 0.016525
0 0.242247 0.456846 0.102474 0.015065
0 0.198541 0.437246 0.091454 0.023477
0 0.442242 0.457226 0.090361 0.016484
0 0.452711 0.476282 0.090722 0.018685
0 0.172851 0.404364 0.121165 0.017811
0 0.288902 0.415558 0.049227 0.009163
0 0.285588 0.427266 0.058412 0.007630
0 0.350376 0.438202 0.102794 0.018315
0 0.281407 0.468605 0.067948 0.011291
0 0.213825 0.473124 0.033979 0.008854
0 0.304423 0.510068 0.147835 0.057711
0 0.520686 0.499389 0.068320 0.032094