0 0.374016 0.583089 0.160740 0.085219
0 0.353266 0.324182 0.061740 0.052156
0 0.331812 0.709604 0.076104 0.053812
0 0.940469 0.565302 0.119062 0.156354
0 0.799312 0.537328 0.068208 0.034490
0 0.966073 0.254312 0.061208 0.027937
0 0.726333 0.237635 0.197375 0.040896
0 0.552516 0.388729 0.030156 0.015563
0 0.476870 0.404735 0.045635 0.028864
0 0.813891 0.322307 0.372219 0.099802
0 0.549297 0.225948 0.067448 0.017521
0 0.392146 0.236682 0.035729 0.020365
0 0.335625 0.244693 0.064375 0.036386
0 0.242297 0.330938 0.146302 0.094896
0 0.089677 0.323078 0.081937 0.058865
0 0.018656 0.304911 0.037312 0.037302
0 0.251552 0.398589 0.031021 0.019490
0 0.294755 0.403094 0.034865 0.021604
0 0.119146 0.525099 0.238292 0.284219
0 0.864776 0.426104 0.270448 0.090479
0 0.708802 0.573536 0.087292 0.080906
0 0.667016 0.497156 0.109115 0.061209
0 0.542208 0.512328 0.149021 0.075573
0 0.342349 0.479036 0.141052 0.108094