0 0.501802 0.740722 0.251201 0.181055
0 0.508652 0.585493 0.131914 0.068994
0 0.728013 0.547959 0.088955 0.036445
0 0.907441 0.584409 0.123242 0.059014
0 0.951768 0.498491 0.096465 0.064229
0 0.733433 0.442514 0.094600 0.031240
0 0.672900 0.480484 0.037754 0.014326
0 0.551128 0.494961 0.125967 0.033750
0 0.559414 0.428965 0.104570 0.025313
0 0.784067 0.428814 0.129580 0.041279
0 0.644541 0.399732 0.135605 0.022900
0 0.593618 0.379111 0.097041 0.015410
0 0.577749 0.358955 0.094521 0.014493
0 0.573218 0.345967 0.103584 0.009414
0 0.561011 0.334448 0.126611 0.011181
0 0.503320 0.385268 0.055625 0.009092
0 0.487974 0.356406 0.030518 0.005781
0 0.692104 0.353355 0.046553 0.009444
0 0.567588 0.319932 0.044492 0.003945
0 0.572812 0.315722 0.045625 0.003320
0 0.609443 0.324155 0.038672 0.004795