0 0.251486 0.659575 0.070889 0.033385
0 0.479905 0.450511 0.111514 0.027866
0 0.832152 0.635859 0.180650 0.049761
0 0.920770 0.709299 0.158461 0.054284
0 0.291840 0.542259 0.305407 0.065240
0 0.671440 0.513950 0.426815 0.085194
0 0.622337 0.562481 0.155934 0.065791
0 0.345798 0.660620 0.114395 0.045295
0 0.325025 0.734175 0.195877 0.091025
0 0.429765 0.494325 0.194247 0.035498
0 0.081058 0.511844 0.132650 0.059762
0 0.373588 0.594294 0.046947 0.020488
0 0.192469 0.648809 0.047770 0.023087
0 0.233296 0.608585 0.150543 0.031814