0 0.309810 0.370062 0.042217 0.008615
0 0.336274 0.379546 0.022607 0.008049
0 0.386377 0.405992 0.031816 0.006869
0 0.259556 0.350602 0.029736 0.005347
0 0.751675 0.454640 0.057803 0.017114
0 0.656187 0.444585 0.037256 0.011542
0 0.790854 0.499346 0.157568 0.061176
0 0.289160 0.425286 0.021406 0.008596
0 0.376763 0.394610 0.016064 0.004283
0 0.403701 0.350046 0.015703 0.007122
0 0.472764 0.447453 0.095156 0.035057
0 0.301929 0.355637 0.036572 0.007162
0 0.672285 0.737389 0.302773 0.178346
0 0.388608 0.336171 0.027959 0.004488