0 0.704773 0.444315 0.069685 0.017464
0 0.754548 0.400430 0.068805 0.011493
0 0.794148 0.469078 0.057295 0.020117
0 0.730215 0.499102 0.128810 0.039061
0 0.965017 0.522757 0.069965 0.051163
0 0.320560 0.461462 0.216920 0.037247
0 0.301660 0.428308 0.048890 0.013042
0 0.235072 0.431736 0.042255 0.015481
0 0.285952 0.505842 0.045125 0.017464
0 0.177775 0.503966 0.083620 0.032719
0 0.079440 0.482961 0.097120 0.026528
0 0.314222 0.575241 0.300555 0.093522
0 0.520925 0.647307 0.231750 0.083618
0 0.361067 0.764816 0.134315 0.098473
0 0.745122 0.830909 0.129365 0.038181
0 0.393910 0.344930 0.022490 0.006076
0 0.666390 0.422319 0.047780 0.011938
0 0.372803 0.333415 0.048115 0.008840
0 0.578120 0.397005 0.036280 0.024540
0 0.181618 0.341257 0.059605 0.008135
0 0.306065 0.330099 0.030790 0.005526
0 0.355015 0.386506 0.053520 0.012447