0 0.528917 0.587008 0.145800 0.094184
0 0.420283 0.585792 0.045433 0.032283
0 0.315267 0.421508 0.079900 0.029450
0 0.479692 0.418266 0.029417 0.010900
0 0.494583 0.455392 0.056667 0.017917
0 0.576367 0.493558 0.109233 0.036217
0 0.695308 0.569092 0.072617 0.035050
0 0.658333 0.536600 0.042633 0.020833
0 0.158517 0.532500 0.050867 0.029867
0 0.228817 0.480750 0.457633 0.116367
0 0.287225 0.597850 0.146550 0.092100
0 0.614983 0.457667 0.048833 0.021033
0 0.241200 0.396342 0.161333 0.062983
0 0.356483 0.386433 0.028033 0.010934
0 0.367275 0.399325 0.032250 0.013184
0 0.423625 0.417692 0.028883 0.011783
0 0.828592 0.707375 0.325683 0.257850