0 0.550950 0.351502 0.080950 0.014399
0 0.606584 0.325281 0.052489 0.009968
0 0.393326 0.451209 0.090181 0.022536
0 0.639853 0.437726 0.130837 0.030290
0 0.562093 0.503786 0.147534 0.051696
0 0.106719 0.678279 0.100271 0.060036
0 0.565928 0.723928 0.176923 0.097628
0 0.590136 0.366455 0.081674 0.015507
0 0.311414 0.425530 0.041244 0.016885
0 0.553914 0.383995 0.046199 0.011438
0 0.552613 0.338945 0.040656 0.009222
0 0.652964 0.388437 0.093529 0.018829
0 0.538563 0.414839 0.124186 0.028052
0 0.467613 0.390471 0.049525 0.014037
0 0.351561 0.400067 0.076878 0.016999
0 0.393688 0.422400 0.081312 0.019575