0 0.475312 0.663945 0.125750 0.051609
0 0.382602 0.440664 0.164734 0.038922
0 0.170117 0.369820 0.075578 0.010453
0 0.145930 0.603414 0.243984 0.088203
0 0.253617 0.382289 0.045266 0.009047
0 0.423336 0.400156 0.216328 0.014938
0 0.541000 0.411695 0.093219 0.012672
0 0.433742 0.387265 0.060641 0.009969
0 0.479453 0.376398 0.067875 0.011766
0 0.670617 0.558672 0.116578 0.023531
0 0.841469 0.616977 0.117313 0.043015
0 0.896062 0.468930 0.100062 0.022141
0 0.052633 0.420015 0.063734 0.012437
0 0.063000 0.432289 0.064125 0.011359
0 0.068281 0.450578 0.050531 0.009469
0 0.086945 0.466437 0.052422 0.011687
0 0.377625 0.371203 0.059750 0.010406