0 0.674649 0.654674 0.109271 0.036867
0 0.744283 0.751125 0.161434 0.072634
0 0.535010 0.661912 0.107099 0.038760
0 0.355536 0.596835 0.107176 0.028913
0 0.327302 0.519303 0.035376 0.009962
0 0.233982 0.521624 0.047628 0.008286
0 0.186258 0.539425 0.025641 0.009463
0 0.241954 0.549201 0.055830 0.017148
0 0.220254 0.577315 0.093633 0.032864
0 0.230545 0.646279 0.114215 0.061841
0 0.329366 0.718613 0.179346 0.091010
0 0.215119 0.915051 0.083362 0.169898
0 0.390280 0.507142 0.039707 0.007404
0 0.747643 0.498696 0.036411 0.004552
0 0.595049 0.462749 0.035389 0.008005
0 0.534812 0.462903 0.032706 0.005243
0 0.514243 0.458171 0.026829 0.005754
0 0.509133 0.468274 0.032706 0.005754
0 0.466666 0.472180 0.036002 0.007072
0 0.669047 0.484009 0.096074 0.010985
0 0.581814 0.489425 0.050132 0.012302
0 0.679312 0.502385 0.051653 0.021061
0 0.707074 0.517973 0.045596 0.009092
0 0.812684 0.560825 0.024632 0.008248
0 0.721383 0.589853 0.132523 0.046560
0 0.742929 0.551010 0.055524 0.013632
0 0.649800 0.542590 0.041228 0.009271
0 0.645092 0.526087 0.094387 0.022404
0 0.584778 0.504194 0.025577 0.007570
0 0.469528 0.486682 0.103969 0.020371
0 0.331901 0.497283 0.040716 0.011957
0 0.412740 0.491477 0.036845 0.006739
0 0.380941 0.498798 0.028771 0.006905
0 0.467343 0.520269 0.139307 0.040102
0 0.496779 0.547801 0.071672 0.017366
0 0.553145 0.565563 0.045762 0.012097
0 0.632131 0.604105 0.078021 0.018696
0 0.555937 0.602781 0.055000 0.018913
0 0.657778 0.469233 0.056085 0.008696
0 0.649602 0.459955 0.053530 0.006023
0 0.622965 0.449476 0.026573 0.003708
0 0.600671 0.469482 0.017758 0.005384
0 0.553145 0.451777 0.039477 0.010358