0 0.515039 0.477964 0.096289 0.046386
0 0.344954 0.513807 0.103318 0.059032
0 0.330181 0.320105 0.057623 0.018301
0 0.426441 0.341627 0.086771 0.025419
0 0.408476 0.369064 0.056944 0.015960
0 0.461975 0.402731 0.056227 0.019748
0 0.517851 0.536999 0.068171 0.037949
0 0.829556 0.520098 0.201011 0.050672
0 0.977681 0.662448 0.044637 0.052709
0 0.755056 0.670531 0.143376 0.087148
0 0.510395 0.786162 0.171971 0.132617
0 0.280355 0.209079 0.031381 0.006863
0 0.392149 0.205262 0.057076 0.008564
0 0.439074 0.228278 0.023156 0.007832
0 0.824495 0.440396 0.111852 0.026079
0 0.705700 0.359556 0.133893 0.046795
0 0.544527 0.284317 0.071177 0.014235
0 0.432510 0.255339 0.218623 0.026098
0 0.249579 0.220239 0.050015 0.009019
0 0.263113 0.240931 0.051590 0.008827
0 0.292052 0.285009 0.077623 0.015289