0 0.693225 0.173242 0.054474 0.011131
0 0.365285 0.242616 0.128981 0.029313
0 0.372094 0.182747 0.065893 0.019192
0 0.645510 0.105707 0.061010 0.020263
0 0.526042 0.246101 0.100816 0.047758
0 0.539509 0.185939 0.037930 0.011515
0 0.632205 0.373202 0.071723 0.048182
0 0.542838 0.206343 0.040148 0.011515
0 0.463246 0.879495 0.337452 0.241010
0 0.306706 0.663505 0.260504 0.114889
0 0.461965 0.511848 0.139230 0.083859
0 0.287126 0.451646 0.135396 0.058323
0 0.246603 0.383030 0.245816 0.056162
0 0.764272 0.255020 0.136163 0.052747
0 0.730428 0.214747 0.068838 0.011596
0 0.717748 0.189263 0.065792 0.011818