0 0.951748 0.497500 0.096504 0.068242
0 0.662505 0.339805 0.057256 0.012559
0 0.608633 0.323819 0.040254 0.005664
0 0.556987 0.333540 0.126865 0.011045
0 0.575229 0.346694 0.106377 0.010615
0 0.910264 0.584326 0.128437 0.061621
0 0.505596 0.734058 0.241152 0.185361
0 0.510474 0.585669 0.132783 0.069424
0 0.727793 0.547226 0.092422 0.042090
0 0.578350 0.358828 0.097812 0.014238
0 0.694102 0.352934 0.048828 0.010615
0 0.592769 0.378355 0.102158 0.015693
0 0.647368 0.398345 0.136865 0.022178
0 0.782861 0.427759 0.129883 0.044893
0 0.731914 0.443296 0.098066 0.030381
0 0.673335 0.478657 0.038193 0.015186
0 0.560293 0.427871 0.105449 0.023906
0 0.550312 0.493613 0.129746 0.037363