0 0.253044 0.338512 0.073087 0.010650
0 0.306550 0.806644 0.173675 0.055463
0 0.610875 0.743800 0.154050 0.073250
0 0.881594 0.643369 0.148762 0.044563
0 0.114750 0.700006 0.055875 0.064187
0 0.180063 0.594281 0.073250 0.033987
0 0.899350 0.718806 0.062925 0.027688
0 0.511713 0.552675 0.045300 0.030200
0 0.575456 0.469169 0.200737 0.058512
0 0.818125 0.373563 0.363750 0.071875
0 0.545719 0.385063 0.103188 0.018850
0 0.071631 0.388156 0.143262 0.017363
0 0.021525 0.424600 0.043050 0.024175
0 0.373331 0.645687 0.116413 0.069850
0 0.843056 0.437431 0.136862 0.027312
0 0.851100 0.477937 0.111075 0.033075
0 0.890094 0.557756 0.068888 0.030038
0 0.926062 0.520425 0.089825 0.030650
0 0.464544 0.378919 0.047287 0.012138
0 0.465806 0.357418 0.094838 0.012138
0 0.345350 0.336113 0.057400 0.008375
0 0.300081 0.354206 0.056388 0.010112
0 0.280138 0.392906 0.055350 0.014238
0 0.393575 0.383981 0.089950 0.012413
0 0.355156 0.404188 0.050263 0.010600
0 0.784325 0.507087 0.108150 0.034950
0 0.674169 0.457925 0.096863 0.021850
0 0.448931 0.436075 0.054988 0.010925
0 0.417125 0.456188 0.075000 0.026625
0 0.340863 0.494419 0.135825 0.031463
0 0.217362 0.502550 0.071325 0.027800
0 0.651563 0.525625 0.133200 0.037225
0 0.794987 0.583044 0.111700 0.056638
0 0.610400 0.618706 0.178825 0.062937
0 0.311969 0.565169 0.117987 0.052962