0 0.570278 0.459063 0.104166 0.044442
0 0.512465 0.416337 0.048959 0.022952
0 0.542614 0.371100 0.232704 0.068786
0 0.670333 0.266130 0.505440 0.096490
0 0.845078 0.806655 0.116642 0.136690
0 0.715278 0.572465 0.123959 0.059372
0 0.535416 0.538960 0.212846 0.087500
0 0.714236 0.471076 0.084375 0.047570
0 0.391493 0.527848 0.064582 0.030555
0 0.049345 0.555641 0.098690 0.090060
0 0.050245 0.626440 0.100490 0.091259
0 0.024147 0.712837 0.048293 0.058847
0 0.206090 0.782470 0.219599 0.154801
0 0.444290 0.808035 0.231599 0.133931
0 0.713089 0.789435 0.102000 0.171130
0 0.299990 0.464141 0.309000 0.089459