0 0.143244 0.730081 0.286488 0.161588
0 0.781913 0.731100 0.159550 0.157525
0 0.856750 0.610531 0.191725 0.081163
0 0.854988 0.522019 0.215250 0.067637
0 0.428019 0.519963 0.322288 0.142325
0 0.635031 0.426750 0.148212 0.061750
0 0.670906 0.335881 0.136437 0.042338
0 0.377725 0.251487 0.157025 0.044100
0 0.580062 0.272656 0.174625 0.045287
0 0.716781 0.262075 0.083513 0.033525
0 0.758237 0.240319 0.112325 0.025288
0 0.582394 0.224431 0.121737 0.024113
0 0.659144 0.198262 0.109388 0.030575
0 0.556494 0.178263 0.126488 0.025875
0 0.870637 0.236088 0.057350 0.016175
0 0.790506 0.182913 0.058812 0.013725
0 0.256056 0.212069 0.081837 0.019112
0 0.100700 0.154975 0.068125 0.010775
0 0.316362 0.145669 0.063275 0.016663
0 0.301631 0.176050 0.071063 0.017650
0 0.379319 0.156175 0.067638 0.012300
0 0.442294 0.198350 0.120063 0.022050
0 0.655481 0.157188 0.052437 0.016175
0 0.626569 0.130675 0.050488 0.011350