0 0.438383 0.573751 0.158100 0.022631
0 0.262233 0.507971 0.137000 0.028655
0 0.430867 0.483559 0.216800 0.027890
0 0.755700 0.531301 0.488600 0.073651
0 0.781667 0.572986 0.170133 0.035411
0 0.633350 0.585766 0.099367 0.026359
0 0.539650 0.458748 0.091100 0.021866
0 0.739117 0.480547 0.060967 0.015875
0 0.730983 0.443355 0.075633 0.015842
0 0.667717 0.428911 0.094567 0.024894
0 0.384717 0.417895 0.082100 0.013046
0 0.657583 0.358205 0.054367 0.007355
0 0.588867 0.397860 0.062200 0.009452
0 0.722200 0.809832 0.115933 0.045961
0 0.583650 0.692865 0.148967 0.061703
0 0.713133 0.615453 0.260400 0.036143
0 0.470383 0.541102 0.208500 0.042933