0 0.650225 0.388852 0.093775 0.021827
0 0.551725 0.385035 0.045800 0.017117
0 0.590819 0.368136 0.081113 0.018204
0 0.552338 0.352762 0.075725 0.015918
0 0.455662 0.336739 0.062100 0.015155
0 0.538581 0.330054 0.049213 0.012382
0 0.634475 0.326525 0.114800 0.014918
0 0.395425 0.421911 0.082150 0.027650
0 0.310187 0.426090 0.041075 0.014943
0 0.394531 0.450579 0.094838 0.026162
0 0.640744 0.436042 0.135038 0.032647
0 0.556406 0.503591 0.183438 0.059647
0 0.110813 0.666246 0.104875 0.068680
0 0.554931 0.713244 0.206212 0.115721
0 0.354169 0.398116 0.073062 0.025838
0 0.469738 0.389395 0.057025 0.018566
0 0.541181 0.415189 0.125763 0.031647