0 0.728797 0.264623 0.084063 0.023429
0 0.173727 0.705580 0.297234 0.136741
0 0.426094 0.506828 0.345625 0.154232
0 0.629547 0.424544 0.168156 0.083476
0 0.808852 0.511995 0.187266 0.077116
0 0.649234 0.352798 0.129500 0.037537
0 0.388820 0.276610 0.130141 0.041948
0 0.570656 0.295387 0.151625 0.039750
0 0.281648 0.244124 0.071516 0.019158
0 0.318477 0.211373 0.057641 0.014918
0 0.335297 0.185551 0.052313 0.014373
0 0.393867 0.195138 0.060047 0.012252
0 0.444039 0.229611 0.087266 0.019439
0 0.548125 0.213773 0.115562 0.025020
0 0.570281 0.254381 0.116625 0.026890
0 0.642062 0.231739 0.090469 0.029026
0 0.830078 0.264623 0.060844 0.018098
0 0.756023 0.218419 0.053641 0.013609
0 0.746914 0.698853 0.159922 0.139126