0 0.178852 0.704348 0.305547 0.143881
0 0.416570 0.476976 0.333672 0.225502
0 0.651836 0.424747 0.188141 0.086781
0 0.813109 0.512954 0.174000 0.061387
0 0.964195 0.511894 0.071609 0.047981
0 0.281531 0.245839 0.083906 0.021060
0 0.395117 0.278824 0.154172 0.046282
0 0.573164 0.295161 0.155547 0.045596
0 0.572148 0.255176 0.130297 0.029602
0 0.447813 0.232550 0.117000 0.029961
0 0.144562 0.194140 0.064250 0.012502
0 0.834242 0.266135 0.059016 0.013952
0 0.651922 0.350873 0.127562 0.041855
0 0.719461 0.278730 0.110516 0.042541
0 0.644922 0.232269 0.099219 0.024474
0 0.542781 0.214919 0.112562 0.024505
0 0.786891 0.650631 0.231062 0.186999
0 0.324008 0.212986 0.061391 0.015588
0 0.335375 0.186182 0.059125 0.015884