0 0.536031 0.503576 0.237165 0.070303
0 0.548493 0.825636 0.260637 0.143273
0 0.290794 0.425439 0.146400 0.041424
0 0.657324 0.405833 0.197007 0.046879
0 0.674451 0.331242 0.137617 0.030242
0 0.530367 0.325258 0.070535 0.020818
0 0.587062 0.301773 0.119053 0.022394
0 0.532714 0.278470 0.108664 0.023000
0 0.405788 0.334697 0.079045 0.025212
0 0.297926 0.383561 0.103909 0.035909
0 0.235902 0.346106 0.100215 0.026576
0 0.602174 0.238682 0.078409 0.012636
0 0.382332 0.255379 0.063932 0.020212
0 0.620664 0.184061 0.080863 0.027212
0 0.519556 0.181030 0.041218 0.009091