0 0.777802 0.456353 0.073481 0.024953
0 0.951265 0.700756 0.097469 0.079998
0 0.481938 0.665503 0.746148 0.228369
0 0.899938 0.551343 0.094790 0.038538
0 0.774321 0.574859 0.093753 0.025630
0 0.602840 0.513852 0.057432 0.036122
0 0.560698 0.459664 0.047000 0.019367
0 0.410580 0.408064 0.093605 0.045836
0 0.669043 0.443094 0.044383 0.018998
0 0.906599 0.463017 0.186802 0.085669
0 0.545488 0.365346 0.066012 0.012402
0 0.600772 0.393540 0.040136 0.013586
0 0.725741 0.399896 0.040568 0.016384
0 0.460772 0.373002 0.024827 0.015805
0 0.538290 0.389522 0.066901 0.016890