0 0.370116 0.242081 0.116371 0.026667
0 0.470893 0.892636 0.296577 0.214727
0 0.310761 0.668909 0.276280 0.104000
0 0.464689 0.514768 0.142095 0.082545
0 0.276937 0.454364 0.138705 0.052040
0 0.246483 0.385485 0.237948 0.058848
0 0.628684 0.373495 0.057419 0.037899
0 0.768004 0.257182 0.133782 0.054889
0 0.730831 0.214495 0.064157 0.012222
0 0.710808 0.189758 0.068536 0.016323
0 0.692378 0.171980 0.054716 0.010384
0 0.673997 0.158859 0.039342 0.008222
0 0.644259 0.104192 0.052860 0.016061
0 0.375463 0.182838 0.057459 0.017798