0 0.561505 0.718802 0.184615 0.106209
0 0.110411 0.677078 0.094198 0.063219
0 0.557391 0.501318 0.165010 0.058156
0 0.639406 0.437026 0.123479 0.031094
0 0.650839 0.387781 0.091469 0.019812
0 0.540318 0.414458 0.119823 0.031708
0 0.396562 0.451031 0.094521 0.028083
0 0.393974 0.422219 0.080802 0.025333
0 0.468057 0.389464 0.049698 0.019511
0 0.311500 0.426338 0.042083 0.015281
0 0.353120 0.399354 0.072260 0.019854
0 0.553885 0.384281 0.045729 0.015854
0 0.590323 0.367646 0.076521 0.015583
0 0.554432 0.352823 0.072490 0.016479
0 0.453641 0.337734 0.051531 0.015281
0 0.605719 0.326703 0.050104 0.011469
0 0.536557 0.331026 0.044469 0.010593
0 0.661943 0.325448 0.041469 0.010084
0 0.607318 0.294208 0.032781 0.006771
0 0.616135 0.287297 0.030729 0.004115
0 0.546078 0.287943 0.030135 0.006011