0 0.577092 0.598296 0.130079 0.037886
0 0.398697 0.430350 0.151500 0.023423
0 0.676941 0.573198 0.122092 0.024211
0 0.260697 0.423243 0.047447 0.017748
0 0.227033 0.407203 0.100092 0.016224
0 0.485572 0.469155 0.129171 0.018037
0 0.450526 0.451894 0.092737 0.015882
0 0.257546 0.477714 0.122434 0.027193
0 0.311717 0.454646 0.094882 0.011613
0 0.301164 0.515101 0.047750 0.010431
0 0.246375 0.530688 0.036724 0.009813
0 0.199697 0.537565 0.040711 0.010720
0 0.071454 0.521210 0.065197 0.029978
0 0.643875 0.493682 0.089987 0.019824
0 0.562855 0.527213 0.160684 0.028113
0 0.273007 0.591570 0.293829 0.046451
0 0.155013 0.676525 0.202316 0.049499
0 0.451296 0.630382 0.166197 0.058051
0 0.767316 0.665667 0.191000 0.032119
0 0.800375 0.721295 0.074066 0.043693
0 0.764382 0.767444 0.156026 0.024487