0 0.611898 0.516789 0.073797 0.012390
0 0.928875 0.451180 0.142250 0.036859
0 0.846945 0.485266 0.152109 0.017844
0 0.318766 0.485063 0.183906 0.030969
0 0.629375 0.543797 0.057906 0.010625
0 0.812281 0.562156 0.155375 0.025469
0 0.794094 0.617258 0.072375 0.016953
0 0.971820 0.641453 0.056359 0.020125
0 0.951164 0.606117 0.097672 0.034985
0 0.651508 0.604055 0.097109 0.018016
0 0.355820 0.595555 0.121016 0.018297
0 0.119383 0.634445 0.145422 0.031015
0 0.397008 0.722164 0.145422 0.028485
0 0.575625 0.661844 0.651656 0.084812
0 0.908883 0.781805 0.182234 0.064578