0 0.556129 0.351844 0.073727 0.016266
0 0.558262 0.718360 0.186070 0.104906
0 0.107598 0.680418 0.096398 0.058273
0 0.556660 0.503153 0.167695 0.051383
0 0.639902 0.436332 0.131836 0.028430
0 0.651352 0.386851 0.095641 0.020313
0 0.538172 0.414360 0.127031 0.028062
0 0.393785 0.449992 0.100445 0.026219
0 0.395258 0.422855 0.085672 0.022898
0 0.352059 0.397742 0.073117 0.016984
0 0.470594 0.388512 0.054656 0.017727
0 0.554789 0.383340 0.044313 0.012555
0 0.592453 0.366910 0.073859 0.016617
0 0.609020 0.324383 0.050867 0.011781
0 0.552711 0.338488 0.038250 0.006648
0 0.538926 0.329621 0.046586 0.009852
0 0.547258 0.286879 0.029063 0.006008
0 0.555594 0.279828 0.036328 0.005578
0 0.608590 0.293394 0.035477 0.005789
0 0.623121 0.283246 0.044023 0.008992
0 0.579957 0.274164 0.027352 0.004937
0 0.450801 0.336332 0.055023 0.011445
0 0.311145 0.426910 0.042539 0.013352