0 0.216358 0.606342 0.095450 0.041851
0 0.473004 0.507621 0.171692 0.057427
0 0.530654 0.456194 0.087675 0.033581
0 0.710017 0.505384 0.108983 0.018671
0 0.719721 0.615136 0.124658 0.044381
0 0.105046 0.416606 0.080608 0.020185
0 0.145433 0.352789 0.042150 0.010484
0 0.313833 0.384510 0.044067 0.014901
0 0.433358 0.334268 0.036000 0.009169
0 0.335621 0.314673 0.048958 0.013479
0 0.383679 0.291493 0.039958 0.009518
0 0.084746 0.337554 0.057675 0.011415
0 0.044742 0.324541 0.065850 0.009435
0 0.138642 0.321621 0.031350 0.006889
0 0.167667 0.280884 0.049500 0.006889
0 0.043842 0.301340 0.043350 0.008262
0 0.197608 0.363277 0.025817 0.007147