0 0.264125 0.623955 0.131750 0.025165
0 0.475475 0.658326 0.218850 0.046368
0 0.664988 0.630757 0.332525 0.046443
0 0.408300 0.602253 0.184250 0.025912
0 0.536925 0.573850 0.103000 0.019434
0 0.676925 0.541335 0.079000 0.011710
0 0.730550 0.558776 0.066250 0.012707
0 0.740300 0.594529 0.060250 0.012458
0 0.380150 0.533661 0.082200 0.012856
0 0.486075 0.495291 0.073750 0.006976
0 0.585200 0.515223 0.058000 0.008969
0 0.648075 0.504136 0.031750 0.006727
0 0.655700 0.472992 0.061000 0.006229
0 0.526950 0.472493 0.108500 0.008721
0 0.891312 0.663770 0.217375 0.041210
0 0.353125 0.503862 0.093250 0.010215
0 0.436000 0.488265 0.037000 0.007475
0 0.346025 0.579829 0.071500 0.010464