0 0.903297 0.188209 0.098274 0.011247
0 0.617673 0.395718 0.133159 0.044880
0 0.826471 0.532802 0.067550 0.018180
0 0.576834 0.498251 0.111695 0.024944
0 0.670354 0.470719 0.148074 0.028056
0 0.538390 0.438511 0.116903 0.029088
0 0.867943 0.422279 0.264114 0.216206
0 0.698097 0.358687 0.117458 0.048624
0 0.474399 0.385249 0.090524 0.020954
0 0.048166 0.310810 0.077072 0.010831
0 0.054230 0.295880 0.074468 0.011263
0 0.145578 0.274234 0.071864 0.014713
0 0.249276 0.301720 0.071433 0.012556
0 0.266163 0.289387 0.061048 0.009521
0 0.628706 0.196537 0.073251 0.013019
0 0.710840 0.223930 0.065809 0.012556
0 0.796602 0.196413 0.096163 0.015546