0 0.597422 0.447430 0.159281 0.080406
0 0.469668 0.396508 0.045695 0.013781
0 0.449926 0.442664 0.067492 0.022938
0 0.685406 0.523430 0.118562 0.054516
0 0.733309 0.471555 0.073570 0.034406
0 0.568344 0.708523 0.180391 0.145453
0 0.542418 0.380297 0.100320 0.027313
0 0.626703 0.301902 0.055141 0.015836
0 0.588340 0.325156 0.052492 0.010000
0 0.478512 0.339504 0.102773 0.024274
0 0.785020 0.367726 0.128352 0.036172
0 0.357520 0.454309 0.079398 0.055571
0 0.456012 0.520606 0.104539 0.087774
0 0.565391 0.479336 0.054875 0.027313