0 0.594107 0.658622 0.137245 0.058087
0 0.335568 0.521875 0.066747 0.037500
0 0.603310 0.426352 0.077309 0.018776
0 0.840179 0.485842 0.285204 0.192781
0 0.607423 0.523891 0.138750 0.072500
0 0.537111 0.470925 0.041875 0.015319
0 0.605242 0.463750 0.075000 0.029031
0 0.672430 0.445300 0.058125 0.024681
0 0.727774 0.344892 0.215242 0.033788
0 0.536907 0.429930 0.032997 0.019120
0 0.731543 0.310395 0.117781 0.015689
0 0.662959 0.755836 0.095842 0.050829
0 0.528406 0.745937 0.094949 0.070625
0 0.399483 0.757634 0.081901 0.047232
0 0.326582 0.659974 0.141301 0.109388