0 0.743475 0.832768 0.124950 0.034464
0 0.397173 0.324086 0.018955 0.005481
0 0.347240 0.299216 0.013570 0.003213
0 0.392178 0.302669 0.016385 0.003722
0 0.401202 0.293842 0.017535 0.002958
0 0.466160 0.299720 0.021160 0.003653
0 0.432462 0.296475 0.024005 0.004087
0 0.468577 0.309999 0.022315 0.002674
0 0.529122 0.306269 0.045075 0.006406
0 0.493273 0.315773 0.029605 0.003108
0 0.487783 0.322959 0.026885 0.004607
0 0.664795 0.346496 0.028980 0.007101
0 0.598652 0.358776 0.030305 0.007296
0 0.716562 0.347159 0.029865 0.008425
0 0.523445 0.343539 0.044410 0.006621
0 0.437915 0.347683 0.017880 0.004257
0 0.382148 0.360498 0.027285 0.005891
0 0.393300 0.345015 0.021570 0.005177
0 0.372748 0.333322 0.046825 0.009764
0 0.305457 0.330007 0.035395 0.006451
0 0.182125 0.341142 0.061940 0.007755
0 0.118338 0.376240 0.032445 0.006096
0 0.227382 0.360498 0.137715 0.014736
0 0.847463 0.328630 0.031635 0.005107
0 0.534550 0.366994 0.040190 0.008640
0 0.449197 0.363858 0.043875 0.009414
0 0.426153 0.371414 0.023595 0.006096
0 0.413523 0.401629 0.020095 0.006836
0 0.242998 0.377687 0.096785 0.016025
0 0.171192 0.400063 0.042405 0.008859
0 0.357258 0.385407 0.061205 0.013077
0 0.235402 0.433402 0.044985 0.015105
0 0.301677 0.428830 0.047375 0.012897
0 0.363555 0.460348 0.137300 0.037247
0 0.248710 0.460810 0.068810 0.019133
0 0.285347 0.505237 0.040775 0.014966
0 0.080032 0.484688 0.095885 0.029322
0 0.178787 0.504743 0.082505 0.032505
0 0.321817 0.570425 0.319825 0.098529
0 0.360077 0.766824 0.131015 0.102931
0 0.429160 0.838545 0.139270 0.022911
0 0.523567 0.645822 0.240005 0.089674
0 0.658832 0.404767 0.030525 0.006106
0 0.574415 0.397207 0.031590 0.022816
0 0.753205 0.401053 0.073270 0.011938
0 0.669053 0.423206 0.054685 0.012202
0 0.704095 0.445095 0.067960 0.016715
0 0.795283 0.467908 0.062915 0.019898
0 0.735287 0.502002 0.126625 0.040325
0 0.964662 0.522125 0.070675 0.043553