0 0.576612 0.269238 0.165275 0.048825
0 0.806700 0.235638 0.200450 0.030875
0 0.295300 0.173875 0.066650 0.022050
0 0.092163 0.153538 0.058325 0.012725
0 0.436437 0.197637 0.099975 0.028425
0 0.343825 0.149863 0.128400 0.030875
0 0.572213 0.222150 0.127425 0.034300
0 0.602337 0.188088 0.219075 0.053425
0 0.787850 0.181725 0.064700 0.020100
0 0.657475 0.154762 0.058800 0.018125
0 0.628075 0.130200 0.049000 0.010400
0 0.141162 0.726225 0.282325 0.159750
0 0.407550 0.489200 0.351450 0.235450
0 0.659075 0.408312 0.217650 0.099075
0 0.844550 0.512900 0.207500 0.083000
0 0.847513 0.596750 0.171075 0.074550
0 0.777212 0.727588 0.181225 0.182075
0 0.257975 0.209675 0.086550 0.019750
0 0.382712 0.248362 0.158075 0.051525
0 0.667275 0.331462 0.149950 0.043125
0 0.713837 0.261350 0.074475 0.027450