0 0.592956 0.642300 0.113088 0.029575
0 0.044638 0.722850 0.089275 0.035375
0 0.097056 0.654494 0.148812 0.072063
0 0.254800 0.636332 0.086575 0.017788
0 0.254094 0.680088 0.105763 0.026675
0 0.382712 0.658388 0.074100 0.014300
0 0.391156 0.615488 0.076688 0.020150
0 0.523581 0.591600 0.065312 0.016575
0 0.581256 0.671382 0.066287 0.015588
0 0.683619 0.705663 0.109838 0.034775
0 0.760150 0.647175 0.041925 0.010075
0 0.886881 0.629138 0.103013 0.033800
0 0.963731 0.666669 0.051337 0.017862
0 0.940275 0.708425 0.119450 0.029900
0 0.697850 0.745044 0.080300 0.009913
0 0.655644 0.594131 0.098462 0.021488
0 0.575738 0.567688 0.056875 0.011050
0 0.472819 0.560506 0.069537 0.010713
0 0.390187 0.561388 0.050375 0.009100
0 0.396200 0.549038 0.052000 0.009100
0 0.299200 0.582344 0.051025 0.011363
0 0.212594 0.601025 0.083187 0.014950
0 0.192937 0.568213 0.063375 0.009100
0 0.267019 0.562363 0.065813 0.011125
0 0.237713 0.548488 0.046700 0.009400
0 0.268037 0.536737 0.071925 0.010350
0 0.287338 0.527487 0.060075 0.007825
0 0.283162 0.517225 0.062050 0.008000
0 0.290919 0.505238 0.046537 0.006900
0 0.047919 0.569406 0.095838 0.027013
0 0.097838 0.528482 0.082675 0.032012
0 0.149406 0.508194 0.044012 0.005263
0 0.164169 0.494937 0.067513 0.014475
0 0.275306 0.485669 0.032912 0.004513
0 0.418494 0.528075 0.071812 0.012025
0 0.504969 0.507463 0.063862 0.008125
0 0.438169 0.507231 0.043562 0.009938
0 0.562537 0.550488 0.073925 0.014075
0 0.662600 0.546969 0.053075 0.008663
0 0.643644 0.524219 0.062288 0.010837
0 0.797181 0.567144 0.095312 0.019762
0 0.747219 0.527338 0.060387 0.024100
0 0.631319 0.495250 0.069062 0.008125
0 0.655012 0.503368 0.043325 0.008663
0 0.694825 0.498631 0.030875 0.006763
0 0.472206 0.483587 0.046138 0.007150
0 0.360581 0.493337 0.099113 0.018200
0 0.338488 0.483800 0.045175 0.006075
0 0.333363 0.477475 0.041375 0.006225
0 0.315963 0.467694 0.049450 0.011113
0 0.418137 0.471138 0.049125 0.005075
0 0.403644 0.460125 0.035437 0.005675
0 0.462206 0.460688 0.028888 0.002725
0 0.601019 0.478925 0.051988 0.005550
0 0.576319 0.472107 0.037037 0.004913
0 0.578594 0.462194 0.032488 0.004588
0 0.846419 0.540938 0.067463 0.024950
0 0.778556 0.509568 0.027638 0.008088
0 0.759850 0.498088 0.025575 0.004725