0 0.310395 0.804451 0.308000 0.138588
0 0.494926 0.618742 0.175728 0.096092
0 0.285877 0.551754 0.164642 0.069306
0 0.238247 0.468611 0.295062 0.061907
0 0.706728 0.451974 0.072123 0.056358
0 0.874642 0.306924 0.156395 0.071157
0 0.830370 0.258052 0.079654 0.015982
0 0.809136 0.228664 0.072790 0.017536
0 0.783704 0.208550 0.060148 0.012875
0 0.760852 0.191409 0.052667 0.011593
0 0.724840 0.123890 0.069580 0.024591
0 0.391123 0.221992 0.076617 0.022987
0 0.383877 0.292039 0.143457 0.034777
0 0.583519 0.299253 0.108123 0.040622