0 0.709517 0.269014 0.065925 0.017535
0 0.656496 0.771330 0.233225 0.126503
0 0.078068 0.714210 0.118929 0.077191
0 0.652258 0.495757 0.215460 0.071012
0 0.633894 0.278834 0.069721 0.022794
0 0.448469 0.310000 0.053236 0.028950
0 0.513923 0.285315 0.061560 0.013183
0 0.440821 0.429137 0.117986 0.032207
0 0.446857 0.391391 0.093411 0.029973
0 0.333783 0.397419 0.053178 0.016127
0 0.388312 0.363472 0.087148 0.022376
0 0.536467 0.350067 0.069721 0.024167
0 0.629866 0.380669 0.172515 0.036222
0 0.755233 0.410823 0.171164 0.039352
0 0.768196 0.348729 0.119325 0.026843
0 0.643952 0.344709 0.054075 0.017919
0 0.693329 0.323044 0.098324 0.019245
0 0.645064 0.302268 0.093853 0.019699