0 0.437768 0.626365 0.219515 0.056479
0 0.677468 0.667564 0.227895 0.096046
0 0.773444 0.616205 0.054031 0.015446
0 0.838693 0.595988 0.111747 0.030140
0 0.634324 0.575038 0.152908 0.021327
0 0.511001 0.543425 0.133431 0.025727
0 0.247978 0.724037 0.214681 0.034936
0 0.054758 0.728795 0.109515 0.048278
0 0.378897 0.553846 0.097768 0.018048
0 0.666677 0.521205 0.101008 0.019885
0 0.845759 0.563788 0.087768 0.024694
0 0.942545 0.694088 0.114911 0.035829
0 0.460242 0.739898 0.213929 0.082704
0 0.234662 0.599368 0.057334 0.032717
0 0.245938 0.555109 0.052079 0.013788
0 0.185140 0.555874 0.045026 0.017768
0 0.103960 0.576090 0.057283 0.013482
0 0.123342 0.541537 0.056199 0.019145
0 0.279611 0.512589 0.155115 0.029413