0 0.606704 0.380552 0.045693 0.006494
0 0.543779 0.379956 0.062441 0.010830
0 0.398613 0.387529 0.123086 0.027598
0 0.357163 0.407832 0.066572 0.011425
0 0.269009 0.426372 0.119502 0.021279
0 0.315132 0.453999 0.075244 0.021025
0 0.516382 0.416997 0.060752 0.013526
0 0.522388 0.452251 0.074248 0.016025
0 0.615137 0.487509 0.170508 0.034004
0 0.726133 0.514755 0.093750 0.025000
0 0.545386 0.551636 0.094248 0.029756
0 0.417661 0.506850 0.088369 0.021533
0 0.246738 0.476807 0.071172 0.018067
0 0.179707 0.528862 0.109199 0.031202
0 0.131406 0.560815 0.104395 0.032099
0 0.078501 0.618359 0.157002 0.069551
0 0.432402 0.584878 0.101523 0.036279
0 0.577554 0.605401 0.122256 0.043633
0 0.420972 0.665679 0.232373 0.076865
0 0.658730 0.759102 0.139102 0.095039
0 0.499663 0.370010 0.060830 0.008887