0 0.810375 0.434663 0.025750 0.012675
0 0.158425 0.250613 0.039950 0.008625
0 0.249275 0.192237 0.030250 0.006475
0 0.236650 0.201487 0.031500 0.007025
0 0.214650 0.212850 0.036500 0.007750
0 0.174525 0.236238 0.048750 0.010525
0 0.774288 0.461737 0.025725 0.015375
0 0.522337 0.420412 0.028425 0.012675
0 0.376025 0.422338 0.043000 0.016525
0 0.383900 0.458413 0.060300 0.031925
0 0.647038 0.599075 0.080625 0.068650
0 0.844125 0.526225 0.061750 0.060450
0 0.774438 0.660600 0.035025 0.042400
0 0.367588 0.623225 0.045575 0.029050
0 0.336213 0.721312 0.072575 0.036875
0 0.454837 0.803625 0.156725 0.141500