0 0.233938 0.516901 0.036097 0.017674
0 0.516724 0.384920 0.014203 0.003324
0 0.492406 0.384620 0.015096 0.003324
0 0.467571 0.387990 0.011986 0.005032
0 0.470847 0.379888 0.013687 0.006140
0 0.446062 0.392827 0.012294 0.003424
0 0.451809 0.383913 0.008668 0.003324
0 0.455785 0.379130 0.012186 0.003824
0 0.515639 0.381254 0.011124 0.002547
0 0.513222 0.376722 0.012325 0.004363
0 0.537629 0.393911 0.016536 0.004347
0 0.517829 0.390722 0.015812 0.005802
0 0.822148 0.499657 0.039400 0.018336
0 0.359904 0.424694 0.024719 0.007325
0 0.404900 0.422782 0.015142 0.005933
0 0.466778 0.396082 0.014619 0.007487
0 0.495323 0.395724 0.019838 0.004017
0 0.496193 0.401641 0.020192 0.004017
0 0.460335 0.406511 0.020192 0.010280
0 0.552417 0.403987 0.023326 0.005232
0 0.523518 0.410863 0.018799 0.004717
0 0.490450 0.411559 0.019500 0.005756
0 0.491405 0.418776 0.017929 0.005586
0 0.572868 0.409732 0.016882 0.005933
0 0.592625 0.413209 0.019492 0.005578
0 0.557286 0.421735 0.023672 0.008718
0 0.608118 0.422778 0.026459 0.008371
0 0.299419 0.439136 0.039854 0.016790
0 0.253299 0.445276 0.032833 0.016035
0 0.214819 0.471580 0.025065 0.011519
0 0.580012 0.450143 0.017129 0.007102
0 0.623772 0.439394 0.034888 0.009810
0 0.589515 0.434904 0.027775 0.010434
0 0.547125 0.436370 0.027383 0.010457
0 0.500747 0.432088 0.029453 0.017328
0 0.457090 0.418934 0.020262 0.006471
0 0.454273 0.427494 0.022140 0.008141
0 0.424923 0.434904 0.022348 0.008356
0 0.382102 0.448581 0.017336 0.006471
0 0.350982 0.451817 0.018591 0.009188
0 0.371343 0.462047 0.017960 0.007933
0 0.407794 0.459854 0.018176 0.008980
0 0.445393 0.449728 0.034881 0.013781
0 0.608206 0.460165 0.031332 0.011280
0 0.653433 0.464863 0.048253 0.016074
0 0.665131 0.481668 0.022348 0.010026
0 0.631186 0.480106 0.025065 0.012735
0 0.490089 0.457138 0.028614 0.013565
0 0.557560 0.462566 0.026944 0.009818
0 0.554846 0.482399 0.034465 0.013565
0 0.605035 0.503674 0.036597 0.020045
0 0.495974 0.480283 0.044034 0.016597
0 0.425593 0.487139 0.045473 0.020922
0 0.281759 0.452686 0.037898 0.016959
0 0.359723 0.479001 0.026343 0.012665
0 0.322363 0.473950 0.031763 0.015551
0 0.197483 0.509507 0.068576 0.027416
0 0.363695 0.528066 0.035735 0.019152
0 0.327417 0.515639 0.041871 0.020198
0 0.403218 0.539988 0.044034 0.022730
0 0.483707 0.524115 0.048368 0.028501
0 0.702256 0.515458 0.053780 0.023453
0 0.663995 0.552796 0.086266 0.036803
0 0.565997 0.533675 0.039707 0.023815
0 0.510269 0.567300 0.057028 0.042574
0 0.671721 0.639210 0.086798 0.049353
0 0.735647 0.609855 0.074326 0.044674
0 0.825046 0.613753 0.077436 0.044159
0 0.777487 0.662585 0.071724 0.053508
0 0.604673 0.590372 0.059769 0.035841
0 0.106755 0.568008 0.095112 0.048361
0 0.074527 0.642818 0.071209 0.036934
0 0.222136 0.576060 0.064965 0.033302
0 0.275931 0.579954 0.042625 0.030701
0 0.344538 0.602553 0.076928 0.043690
0 0.270993 0.743886 0.136690 0.127791
0 0.504881 0.701285 0.093041 0.095589
0 0.668341 0.772240 0.103949 0.118019
0 0.952675 0.767828 0.094650 0.126844