0 0.041279 0.300957 0.041175 0.007363
0 0.048425 0.324350 0.060083 0.007987
0 0.087817 0.338295 0.053150 0.010717
0 0.148633 0.352036 0.050000 0.010508
0 0.100108 0.416651 0.073950 0.019294
0 0.528225 0.456152 0.096217 0.035029
0 0.473704 0.507617 0.167725 0.061329
0 0.217112 0.603941 0.098892 0.042675
0 0.722017 0.614617 0.122417 0.045671
0 0.335800 0.314436 0.050483 0.012821
0 0.383871 0.291277 0.037492 0.009319
0 0.712817 0.504393 0.106367 0.018854
0 0.168279 0.280098 0.051058 0.006715
0 0.138971 0.321725 0.031508 0.006947
0 0.318179 0.384651 0.056475 0.016133