0 0.604864 0.549055 0.073182 0.029329
0 0.339370 0.608167 0.058481 0.036351
0 0.719545 0.395193 0.152078 0.019432
0 0.298461 0.734735 0.190948 0.089905
0 0.588617 0.745526 0.124792 0.053269
0 0.837799 0.570968 0.293156 0.196872
0 0.626604 0.604035 0.101961 0.061095
0 0.535961 0.555928 0.046857 0.016180
0 0.729500 0.369711 0.097987 0.013266
0 0.592058 0.512141 0.058481 0.019756
0 0.535929 0.516494 0.038065 0.019108
0 0.665532 0.532415 0.042104 0.020792
0 0.439019 0.562664 0.090844 0.023953
0 0.713584 0.441609 0.237013 0.054254