0 0.038245 0.623854 0.076489 0.077785
0 0.115638 0.520678 0.097177 0.021955
0 0.095872 0.555883 0.108652 0.022955
0 0.255415 0.500950 0.085950 0.015814
0 0.354277 0.505198 0.093603 0.007928
0 0.530145 0.471532 0.105085 0.006403
0 0.486528 0.494118 0.074986 0.008162
0 0.657418 0.472440 0.060199 0.007652
0 0.646199 0.502649 0.044894 0.008956
0 0.627957 0.530585 0.044638 0.010197
0 0.680504 0.540903 0.082894 0.012523
0 0.586259 0.513743 0.062234 0.009205
0 0.381567 0.533890 0.085957 0.010736
0 0.349546 0.579795 0.058638 0.007680
0 0.535117 0.574452 0.100234 0.022948
0 0.726032 0.559900 0.088759 0.010226
0 0.739294 0.595109 0.059170 0.011218
0 0.722525 0.648950 0.554950 0.070850
0 0.431092 0.601466 0.243716 0.019040
0 0.259546 0.625485 0.141404 0.024175
0 0.477819 0.659155 0.213326 0.039662