0 0.954295 0.271961 0.091410 0.041207
0 0.808261 0.552913 0.383478 0.121453
0 0.689493 0.236544 0.050975 0.021241
0 0.025560 0.340975 0.051120 0.032440
0 0.177516 0.609282 0.087154 0.054430
0 0.147431 0.563001 0.041001 0.018336
0 0.171634 0.485043 0.237365 0.060266
0 0.223643 0.431466 0.076008 0.031297
0 0.477708 0.602040 0.228063 0.085372
0 0.963491 0.244339 0.073017 0.044927
0 0.818399 0.290468 0.084229 0.030587
0 0.279664 0.289903 0.085520 0.040235
0 0.197563 0.256076 0.065481 0.027024
0 0.329150 0.250957 0.044440 0.025723
0 0.312069 0.229992 0.058445 0.016233
0 0.945692 0.706589 0.108617 0.125935
0 0.513755 0.260052 0.292121 0.074804
0 0.696271 0.287833 0.059763 0.023475
0 0.771344 0.413847 0.457312 0.114486
0 0.731851 0.761473 0.097589 0.030179
0 0.389295 0.284166 0.047444 0.024948
0 0.361370 0.312288 0.034440 0.024172
0 0.203261 0.349723 0.043702 0.021255
0 0.027503 0.721265 0.055007 0.103524
0 0.286166 0.757221 0.200580 0.038683
0 0.497780 0.726897 0.146759 0.099331
0 0.295665 0.563159 0.034150 0.026380