0 0.831766 0.411302 0.128571 0.034317
0 0.131597 0.624018 0.263195 0.133550
0 0.143506 0.437691 0.287013 0.118756
0 0.837318 0.488628 0.088896 0.039058
0 0.608727 0.403380 0.066675 0.023759
0 0.425909 0.428720 0.238649 0.088143
0 0.919188 0.322620 0.161623 0.052259
0 0.641539 0.332123 0.071961 0.017424
0 0.586766 0.348750 0.139169 0.024277
0 0.459773 0.364853 0.303208 0.038527
0 0.108052 0.350862 0.216104 0.035884
0 0.217156 0.316027 0.310078 0.035884
0 0.360292 0.275116 0.074610 0.014250
0 0.411623 0.298875 0.055558 0.015312
0 0.499195 0.319278 0.139688 0.014768
0 0.555039 0.302949 0.084519 0.014652
0 0.558864 0.284469 0.124013 0.022308
0 0.795422 0.352889 0.150039 0.057117
0 0.719175 0.319136 0.061857 0.013447
0 0.722844 0.300960 0.082675 0.018629
0 0.809968 0.289664 0.128299 0.018629