0 0.883812 0.639137 0.150550 0.045575
0 0.896656 0.719062 0.060663 0.028250
0 0.610762 0.746087 0.155725 0.074425
0 0.314950 0.807450 0.159475 0.053850
0 0.545887 0.384475 0.099200 0.015200
0 0.488150 0.407450 0.047475 0.010250
0 0.466863 0.380150 0.042350 0.013600
0 0.393744 0.384162 0.090512 0.015825
0 0.280363 0.393156 0.058425 0.013162
0 0.356125 0.403894 0.048150 0.011587
0 0.451619 0.431031 0.057462 0.019588
0 0.414425 0.458394 0.077300 0.028362
0 0.341800 0.497331 0.132675 0.029662
0 0.219312 0.500243 0.074375 0.031263
0 0.313581 0.567131 0.120113 0.051088
0 0.188819 0.594525 0.089338 0.031300
0 0.117969 0.697531 0.055087 0.059713
0 0.377600 0.693681 0.119025 0.165262
0 0.695706 0.461943 0.137712 0.034663
0 0.852038 0.479762 0.110100 0.029850
0 0.781575 0.503194 0.112350 0.042688
0 0.926987 0.521968 0.088600 0.039163
0 0.890881 0.559050 0.065162 0.034350
0 0.650769 0.526625 0.130012 0.038200
0 0.607431 0.622281 0.183937 0.065812
0 0.793294 0.584406 0.117163 0.057462
0 0.306825 0.295525 0.041250 0.007250
0 0.309012 0.306212 0.060625 0.010375
0 0.497625 0.326600 0.088275 0.008825
0 0.459100 0.337819 0.052425 0.006712
0 0.524106 0.338082 0.028887 0.007788
0 0.553794 0.344650 0.032637 0.012300
0 0.464850 0.358481 0.095825 0.013162
0 0.344156 0.338981 0.069013 0.014438
0 0.298275 0.354356 0.055375 0.012037
0 0.250744 0.339063 0.078912 0.012575
0 0.604250 0.428763 0.048150 0.016725
0 0.712794 0.387019 0.184512 0.047763
0 0.840300 0.438062 0.141375 0.031200
0 0.580087 0.467675 0.191825 0.059175