0 0.341485 0.666546 0.089423 0.007065
0 0.979052 0.570385 0.041897 0.007188
0 0.920732 0.546517 0.033649 0.004802
0 0.810263 0.548589 0.084134 0.008494
0 0.714222 0.552950 0.045021 0.005882
0 0.642758 0.546733 0.037144 0.005234
0 0.769505 0.522758 0.039773 0.004792
0 0.881902 0.569712 0.053763 0.006108
0 0.904407 0.578103 0.022732 0.007630
0 0.031691 0.637238 0.063381 0.017801
0 0.473711 0.668201 0.074680 0.011322
0 0.842536 0.594788 0.035505 0.006715
0 0.719474 0.575676 0.055093 0.016124
0 0.656113 0.566339 0.069423 0.009893
0 0.764835 0.615962 0.094392 0.014695
0 0.722046 0.643619 0.089619 0.009934
0 0.858675 0.638858 0.084485 0.018716
0 0.757856 0.670201 0.106144 0.013924