0 0.512471 0.417578 0.051289 0.012871
0 0.404082 0.381758 0.138086 0.037168
0 0.500840 0.371377 0.060840 0.008926
0 0.616084 0.359341 0.028867 0.004775
0 0.585352 0.368159 0.033848 0.004150
0 0.546631 0.380097 0.058145 0.008515
0 0.607778 0.379893 0.041729 0.007265
0 0.353521 0.408447 0.057725 0.009550
0 0.525449 0.450801 0.079727 0.017441
0 0.269219 0.427959 0.118359 0.017441
0 0.621255 0.488100 0.157158 0.033369
0 0.725850 0.515352 0.093652 0.025507
0 0.545068 0.553086 0.089492 0.027617
0 0.417578 0.505962 0.085762 0.020948
0 0.309087 0.454477 0.061885 0.016826
0 0.246069 0.478023 0.069150 0.014951
0 0.179785 0.529038 0.104063 0.031221
0 0.133857 0.560791 0.106211 0.030860
0 0.080562 0.619277 0.161123 0.063867
0 0.428618 0.585371 0.099385 0.034805
0 0.579063 0.606289 0.114824 0.045566
0 0.418379 0.666655 0.231992 0.073370
0 0.657339 0.760127 0.136396 0.088868