0 0.678961 0.502276 0.054399 0.018875
0 0.668580 0.483817 0.093608 0.010729
0 0.470039 0.487097 0.102768 0.022097
0 0.496861 0.547609 0.069309 0.021662
0 0.389692 0.508210 0.033013 0.007442
0 0.381375 0.499680 0.028209 0.009182
0 0.511963 0.479137 0.050247 0.008350
0 0.467171 0.472104 0.035095 0.008146
0 0.508468 0.469111 0.033856 0.006841
0 0.526309 0.460671 0.051320 0.012161
0 0.594705 0.462954 0.036896 0.007903
0 0.602370 0.470000 0.020339 0.004450
0 0.657567 0.469341 0.057554 0.009118
0 0.649666 0.460448 0.056929 0.006240
0 0.622141 0.450627 0.024900 0.005013
0 0.626242 0.444853 0.027940 0.004719
0 0.580671 0.490141 0.051601 0.010256
0 0.553330 0.452238 0.040078 0.010793
0 0.675307 0.654904 0.103815 0.039936
0 0.746097 0.751176 0.157806 0.073120
0 0.536888 0.662379 0.113333 0.041228
0 0.326210 0.518849 0.038301 0.010537
0 0.468442 0.519373 0.141018 0.040921
0 0.414069 0.492564 0.031914 0.007225
0 0.584273 0.504712 0.027327 0.007430
0 0.651729 0.542903 0.041099 0.009412
0 0.644511 0.528350 0.094451 0.023632
0 0.740597 0.551221 0.050503 0.015537
0 0.813246 0.561061 0.023507 0.010281
0 0.708351 0.518939 0.048101 0.010077
0 0.598493 0.605243 0.146704 0.019949
0 0.721907 0.590064 0.134235 0.049463
0 0.552902 0.565550 0.049851 0.014450
0 0.355722 0.597372 0.111506 0.033107
0 0.235170 0.521739 0.041445 0.011586
0 0.240938 0.548919 0.055102 0.017097
0 0.187772 0.538804 0.028669 0.011061
0 0.219794 0.577807 0.092713 0.036765
0 0.231810 0.649277 0.116744 0.069885
0 0.331435 0.716893 0.183153 0.095294
0 0.214083 0.913702 0.081292 0.172596