0 0.808987 0.413915 0.127908 0.028641
0 0.582312 0.576930 0.037598 0.016891
0 0.706883 0.551590 0.042492 0.037787
0 0.803088 0.610585 0.029804 0.025548
0 0.653382 0.629695 0.093431 0.046878
0 0.746017 0.459373 0.023047 0.018767
0 0.911250 0.524859 0.177500 0.146541
0 0.804461 0.481514 0.070474 0.027457
0 0.506483 0.515079 0.086201 0.042888
0 0.425229 0.511142 0.047582 0.024226
0 0.323607 0.565596 0.037149 0.021330
0 0.380997 0.578815 0.058954 0.034434
0 0.515020 0.583805 0.022688 0.025352
0 0.680748 0.451588 0.016609 0.007605
0 0.695641 0.366009 0.092067 0.024071