0 0.601900 0.245696 0.090000 0.027583
0 0.910083 0.558944 0.084433 0.061422
0 0.459333 0.563618 0.164533 0.073633
0 0.336967 0.580271 0.077867 0.034471
0 0.663350 0.539845 0.108300 0.037066
0 0.585033 0.434669 0.213200 0.074997
0 0.663917 0.363166 0.213700 0.067810
0 0.656717 0.314454 0.073833 0.038197
0 0.963167 0.320377 0.045067 0.017568
0 0.885733 0.426435 0.228533 0.127601
0 0.854500 0.491716 0.291000 0.103246
0 0.645533 0.611964 0.156333 0.076561
0 0.146933 0.518967 0.091333 0.053203
0 0.070483 0.394143 0.140967 0.141676
0 0.093183 0.480752 0.049167 0.014707
0 0.062567 0.307167 0.078467 0.028415
0 0.229483 0.347145 0.113833 0.055599
0 0.197367 0.430144 0.082133 0.037332
0 0.192700 0.468092 0.115867 0.043421
0 0.321583 0.420412 0.113433 0.064117
0 0.414283 0.442123 0.070367 0.030412
0 0.548050 0.289117 0.080100 0.027983
0 0.460033 0.272281 0.110600 0.038963
0 0.717733 0.274294 0.064000 0.027617
0 0.693567 0.245679 0.047667 0.017635
0 0.767233 0.244349 0.051667 0.018965
0 0.827733 0.237195 0.066667 0.023291
0 0.928700 0.286439 0.142600 0.048579
0 0.816400 0.293758 0.053333 0.018633
0 0.255000 0.639780 0.086400 0.072435
0 0.223217 0.237777 0.446433 0.164534
0 0.621900 0.188816 0.038000 0.019165
0 0.686700 0.219361 0.049200 0.018766
0 0.964650 0.241720 0.070700 0.065880
0 0.858100 0.218961 0.041600 0.017169
0 0.802300 0.211375 0.058000 0.014773