0 0.284990 0.507217 0.041180 0.011908
0 0.366645 0.762892 0.140230 0.098923
0 0.428992 0.836534 0.133915 0.026933
0 0.739780 0.833141 0.117910 0.033719
0 0.518760 0.645345 0.217380 0.080015
0 0.261838 0.577455 0.201365 0.073224
0 0.421930 0.557775 0.056160 0.027068
0 0.179767 0.505033 0.083635 0.026309
0 0.084645 0.485213 0.091860 0.027403
0 0.734985 0.499689 0.129450 0.041814
0 0.794417 0.469125 0.056365 0.020462
0 0.964958 0.520426 0.070085 0.046861
0 0.704697 0.444913 0.068575 0.016889
0 0.753202 0.401387 0.075565 0.014616
0 0.666102 0.423069 0.045985 0.010878
0 0.658220 0.404800 0.026650 0.007470
0 0.575507 0.397572 0.030225 0.020627
0 0.534398 0.367204 0.044525 0.009259
0 0.508410 0.489228 0.032370 0.012667
0 0.420368 0.489130 0.041535 0.011693
0 0.359820 0.463019 0.135720 0.032735
0 0.250238 0.462002 0.063475 0.013721
0 0.234982 0.432680 0.045705 0.015790
0 0.299810 0.428733 0.044010 0.013311
0 0.353355 0.385980 0.047610 0.011043
0 0.426100 0.369785 0.023020 0.004508
0 0.448500 0.363076 0.039600 0.008909
0 0.505095 0.355743 0.024610 0.007785
0 0.523263 0.343508 0.040625 0.006541
0 0.182190 0.340158 0.060600 0.006766
0 0.167137 0.351166 0.016705 0.004847
0 0.218257 0.349754 0.012185 0.004282
0 0.227115 0.335321 0.014560 0.002708
0 0.265313 0.341410 0.042205 0.004512
0 0.228118 0.360703 0.129675 0.011498
0 0.254853 0.377487 0.066895 0.012047
0 0.170508 0.399144 0.038015 0.008969
0 0.120533 0.375930 0.034195 0.005187
0 0.381658 0.359216 0.026815 0.006766
0 0.372790 0.333839 0.046720 0.008530
0 0.306773 0.330257 0.031955 0.004872
0 0.394523 0.344805 0.022475 0.005547
0 0.438128 0.347848 0.014085 0.002978
0 0.396555 0.323423 0.019500 0.005547
0 0.487602 0.322169 0.023925 0.005077
0 0.492510 0.315853 0.025620 0.003948
0 0.530935 0.305592 0.042430 0.005982
0 0.846773 0.327848 0.029655 0.004063
0 0.468367 0.309392 0.022645 0.002738
0 0.467310 0.299523 0.019280 0.002898
0 0.602077 0.333647 0.032915 0.006486
0 0.632610 0.344208 0.087750 0.011858
0 0.595108 0.357575 0.027465 0.007630
0 0.599090 0.349700 0.033800 0.006821
0 0.716592 0.344648 0.031785 0.008770