0 0.386126 0.458242 0.067695 0.035964
0 0.413352 0.508535 0.034414 0.026133
0 0.836511 0.511374 0.066172 0.018190
0 0.770332 0.464108 0.036679 0.018945
0 0.808340 0.433659 0.027982 0.014036
0 0.720039 0.414577 0.047266 0.027982
0 0.690664 0.375729 0.090078 0.015260
0 0.777481 0.658060 0.048034 0.048073
0 0.644557 0.600410 0.083958 0.077148
0 0.606172 0.691543 0.045755 0.060508
0 0.520560 0.419310 0.031771 0.013984
0 0.708268 0.928411 0.333464 0.143177
0 0.454551 0.804036 0.166550 0.136589
0 0.339967 0.721198 0.077149 0.041797
0 0.366061 0.622292 0.053998 0.036302
0 0.845827 0.542930 0.058346 0.029870
0 0.377806 0.422318 0.046523 0.023854
0 0.603262 0.319141 0.023529 0.008229
0 0.156120 0.249987 0.043594 0.004974
0 0.174571 0.239290 0.050599 0.013242
0 0.215306 0.213835 0.035716 0.007617
0 0.231738 0.202995 0.037174 0.007812
0 0.245690 0.192331 0.034193 0.005938