0 0.552925 0.792787 0.108100 0.076575
0 0.247088 0.685800 0.062975 0.039700
0 0.173662 0.387187 0.038575 0.014675
0 0.508975 0.407775 0.044350 0.024900
0 0.470050 0.372250 0.041650 0.015400
0 0.541500 0.503275 0.075050 0.025250
0 0.045850 0.444350 0.029800 0.010800
0 0.020088 0.436275 0.040175 0.016300
0 0.292163 0.462337 0.054325 0.017375
0 0.180838 0.474262 0.060825 0.021775
0 0.032563 0.516350 0.048875 0.015800
0 0.275600 0.541338 0.089600 0.033175
0 0.107512 0.572287 0.081475 0.025575
0 0.370913 0.679575 0.069525 0.035850
0 0.320400 0.627988 0.052150 0.029325
0 0.956325 0.528475 0.087350 0.052950
0 0.332625 0.737388 0.060300 0.040775
0 0.361137 0.843862 0.092325 0.060275
0 0.127287 0.355425 0.036375 0.011950
0 0.702800 0.551712 0.093200 0.035925
0 0.738862 0.502825 0.090125 0.030150
0 0.261163 0.763888 0.054725 0.044575