0 0.516513 0.679340 0.115225 0.078457
0 0.475500 0.587483 0.142550 0.078956
0 0.344012 0.519956 0.101725 0.047364
0 0.580000 0.506755 0.068500 0.032491
0 0.476762 0.495425 0.061375 0.027400
0 0.589487 0.440251 0.065775 0.032840
0 0.718512 0.443308 0.058675 0.034862
0 0.368925 0.471132 0.067950 0.030869
0 0.234775 0.443595 0.094750 0.038929
0 0.174275 0.391178 0.134750 0.045941
0 0.269525 0.355256 0.066250 0.022958
0 0.346900 0.389319 0.066000 0.024206
0 0.346525 0.415759 0.054250 0.023732
0 0.508275 0.344276 0.102250 0.025952
0 0.745600 0.369979 0.058250 0.020712
0 0.906788 0.308305 0.177275 0.055873