0 0.680016 0.563342 0.639969 0.122068
0 0.035901 0.584408 0.071802 0.050845
0 0.007307 0.655543 0.014615 0.034343
0 0.188859 0.617171 0.096510 0.049555
0 0.256333 0.619619 0.033062 0.014318
0 0.325687 0.631530 0.024042 0.014474
0 0.223786 0.539901 0.097427 0.077452
0 0.341073 0.507258 0.064125 0.015763
0 0.432865 0.445314 0.108083 0.020411
0 0.495698 0.507653 0.028437 0.014453
0 0.601016 0.670537 0.036927 0.019620
0 0.524885 0.666929 0.049646 0.016002
0 0.574130 0.704740 0.037990 0.025038
0 0.092464 0.525324 0.071531 0.031182