0 0.461426 0.542506 0.044503 0.021375
0 0.422195 0.525069 0.032083 0.014250
0 0.357280 0.517691 0.063977 0.021994
0 0.930666 0.727747 0.138668 0.107006
0 0.770947 0.620937 0.316642 0.111750
0 0.634118 0.760887 0.115066 0.040725
0 0.486201 0.718494 0.087523 0.059062
0 0.399128 0.769794 0.120394 0.022912
0 0.347373 0.731000 0.100075 0.065325
0 0.205713 0.724906 0.085647 0.056887
0 0.115807 0.690528 0.109737 0.080006
0 0.325328 0.634437 0.078499 0.041550
0 0.428837 0.641609 0.081614 0.045281
0 0.564540 0.653656 0.074109 0.038738